4000
6920 4494
17101 23068
6065 27393
20435 13282
26773 30747
30403 19314
2146 5137
12871 14044
31987 28833
28791 5860
19532 21409
12356 14552
16856 16699
29725 23015
12796 31603
3328 6211
29277 19716
14341 20427
943 2575
555 2009
21322 27714
82 30956
12231 23466
19532 12951
18809 11450
92 15557
30107 5574
22271 12446
2692 14196
13030 19228
25437 15488
2436 16356
4017 21947
24520 16775
18782 4958
32670 25075
23262 7337
30803 32752
12936 2724
14174 17569
357 31745
4550 14264
26711 30464
11892 26819
13280 29401
12121 24920
8510 5950
27897 14557
31330 12525
17483 19650
11956 17345
24681 17386
17369 2449
5174 22717
7517 30305
29281 19348
844 7874
5570 1062
27881 27553
24187 17462
9613 8395
14343 3541
18096 18123
30648 9472
29122 16659
1236 15362
32746 8310
10757 25917
15865 17348
14884 15931
2511 23383
31255 11398
12460 3355
30908 4056
21516 7573
15968 22326
25866 31130
16486 30309
7014 11193
27851 14366
29728 3368
11678 29087
22237 29708
14289 22433
5598 5335
28716 29174
7803 8107
11460 27203
31259 20262
27835 9599
31925 20009
18372 11034
8576 25022
3449 2089
16455 15591
18959 31300
27620 13417
10356 30635
20301 17088
22421 24645
21050 25897
1235 18371
12807 28852
16347 12695
22292 11297
31306 11415
22449 21449
13704 16909
18997 31023
13847 17153
15684 2685
16100 37
30670 10535
27623 26456
18333 18203
11333 17278
2880 6614
2699 12567
25260 15685
26982 19046
30459 14786
3468 25520
9660 20139
18396 17170
1557 28657
31343 32241
32279 17239
27775 14676
8364 30182
15618 22629
7138 26695
542 26950
6748 10018
25701 3240
22286 32008
14025 19917
12668 19977
7349 17493
1895 22328
18219 25743
25218 3450
20689 16793
31467 24730
22143 15697
5560 7064
990 4993
31943 12696
22715 1533
4773 5922
5163 15647
2795 27057
14265 19189
3913 15463
5025 21613
14589 5808
9258 23242
7268 7040
31768 29946
12876 5968
13031 21143
26136 18434
31131 14021
15552 25310
31232 21077
3957 20325
14614 3626
22815 6753
22214 28879
17725 26727
32533 27237
17712 32315
6586 9023
6202 24978
30945 5586
26727 19076
4744 11209
25228 20096
12637 3106
24181 8014
28337 11100
14726 28136
2120 10182
6295 4773
31498 24335
18803 24018
23566 31264
7520 3749
28725 30151
2968 13722
32 26903
5343 29695
17022 4774
7878 30570
5815 29659
7992 32057
27426 1385
11568 22716
27489 29547
21113 17861
9112 26220
24716 7149
10896 32677
30059 32236
13190 6855
989 260
29953 13220
17992 6331
4132 14208
11098 25868
25158 9947
11330 19088
9037 19817
16595 22896
7990 3758
29978 4941
12089 17101
17011 21925
21395 22985
29838 14301
14559 1816
15034 30826
4390 11745
25951 259
26127 8520
18467 4282
23370 18516
5566 29797
19925 32407
3396 22162
27101 27913
12247 606
22531 6423
29407 29256
10790 11157
12973 26478
24537 25349
4325 28007
28264 28925
4678 30276
1789 21622
7371 23143
20174 25159
24798 12938
2331 7330
2476 28194
28800 29430
3085 14724
11211 18563
29720 32492
26203 22000
14580 9927
5165 17972
14128 18906
16413 661
22283 18807
9183 18203
10595 29655
9824 29355
3916 2624
30817 12153
8814 6393
21115 26848
12644 11899
11624 32326
21559 9598
19525 5059
23031 3373
22277 24688
25349 4392
23197 5923
24126 14866
11752 32379
28965 1953
4575 21574
960 115
6508 2625
29474 9772
21672 27623
27180 9351
18949 529
5586 15971
19344 5705
30392 28617
241 8852
14775 22972
5069 23436
23048 6133
8084 16821
5628 19247
19360 12659
15283 6586
16359 25868
20722 11990
21339 5262
5791 15135
31106 7520
13223 11378
7226 17681
26533 10846
1052 7465
30902 8540
14671 6121
22943 21181
7661 22755
2645 28569
2387 27021
20120 17928
29916 18744
24006 8073
23209 18487
26007 29795
8404 21546
6459 6461
17308 15629
23094 223
8761 18360
24479 21227
9642 23432
13418 14653
10454 17301
11554 16064
1223 12841
31583 31674
6981 31140
16860 22820
19846 30188
18965 10098
16557 28251
11111 25422
25646 1098
19456 1438
22664 1638
25071 11169
25820 32306
16840 5720
21784 3507
16346 28394
27300 23008
21379 15160
5213 1512
31700 5470
15568 25060
20542 17896
10552 32123
455 31653
322 3429
5067 19909
31076 22986
22523 30136
3090 24130
27635 6597
2222 24874
15113 11215
26375 29522
31032 3723
9193 31587
23878 29963
15093 24759
24116 11653
10537 25643
29072 24571
11711 10857
1075 1370
31507 10019
1382 23598
30193 1830
26702 29015
7463 32414
29167 9047
12770 1070
32657 27433
24629 21964
13954 23768
2652 6953
32596 5303
29872 13187
24042 28899
30270 8817
18836 25117
15947 29008
30838 20216
16464 13371
13018 24771
1049 23926
24996 9419
4083 13820
3015 24884
15883 28712
2899 16969
22271 18533
31720 2726
31626 19376
28191 22995
15344 29127
25368 14258
1705 31289
11893 23437
15441 18170
9327 24910
1560 16489
30309 1554
26438 5643
1586 555
17522 9552
28085 4483
7210 7026
26401 27038
17264 6067
2427 21825
3315 32606
31128 27795
18465 5020
23188 10253
2396 1137
17626 32515
1302 3954
9597 15166
15719 27738
4523 11181
15665 475
7499 32608
26877 22873
28940 1133
22957 11375
11214 31365
26391 26272
31290 9576
19827 12087
13224 21712
21458 22223
26177 30849
13246 22761
17732 3005
14186 28966
29441 22254
22095 29849
19955 4171
5305 16206
27579 16126
14722 28260
21763 6026
15600 8346
20433 20286
9229 2660
24881 889
31736 30688
20680 18289
21292 12215
8414 5645
27897 2712
32559 5086
9258 17226
665 19748
3105 14561
10054 28242
1501 17828
26172 31815
19332 17100
19758 13837
14724 28562
26481 11873
30160 13693
25908 14394
20037 18686
21398 1554
6640 15168
32394 21188
8169 15898
30457 290
28532 11273
29099 7744
6790 30031
14364 22502
3572 26123
21916 1356
13227 18296
31987 15630
30024 10620
29306 25129
26683 17294
32462 17935
6357 554
16453 32087
32375 14524
25795 14143
21886 28140
25403 22127
11863 28674
22030 7000
8354 15433
963 11179
26807 21579
32200 183
25310 24064
8592 28737
13904 19224
19779 8285
7606 20259
2016 3463
17604 7214
2586 27810
17170 6721
2629 27987
2218 29031
11698 24657
3068 10573
32150 12659
12840 29875
21173 31583
27552 5382
24606 29763
5279 8689
28946 11616
15077 12885
20098 30960
26003 32680
6634 22682
17902 10407
6669 9261
1150 20120
30691 18365
31024 4218
1324 30075
28889 11096
16478 22495
19491 23672
32359 8315
19930 24771
4887 28538
26732 2240
2151 24983
14896 19968
30373 8786
18045 29
20150 4276
22639 19195
23411 18072
15378 20897
31991 24736
14464 11499
2404 15700
24015 1189
25958 1997
30535 11176
13415 30843
23058 24498
11700 15566
24350 5187
5217 9304
13578 9629
28824 25365
10670 3451
24346 19469
11436 26047
4779 23570
6503 25900
27087 7183
9178 30516
8926 20276
18353 6945
31443 22341
5138 8644
13829 10374
19679 29489
6351 19046
11644 488
3939 2406
21873 22313
15591 28283
19086 542
26443 20370
27551 25587
23337 20761
8271 3963
10908 32261
21833 26624
2499 9582
19957 26971
23693 16328
2606 6867
7355 30042
32449 14250
3794 11293
6809 21553
22096 19385
6986 25894
18714 15770
3764 1771
5732 9282
8776 12033
5888 16640
26222 30607
24812 8387
24714 13410
20277 15738
13012 27320
8801 27633
6157 12694
1478 12596
31979 12966
6093 23574
6575 6199
7968 24806
1321 10338
22371 13700
30338 10096
7936 28258
3878 23793
4437 32748
15718 28592
23143 24712
19576 28730
8655 31945
11772 25733
5933 10133
939 10984
17181 12024
4063 7512
17850 25149
6082 5383
15477 7453
2944 3653
27445 23413
23393 6820
2644 31880
23825 6342
2303 25787
24963 10635
3601 10958
21089 3968
14953 9532
21557 22026
29539 32134
24515 25618
30999 14620
22073 30597
1482 13709
4356 25015
31834 28927
28038 27747
1322 1711
27496 19096
29729 3623
14581 19693
23659 562
10094 2901
24928 5845
5211 31649
24499 21700
3553 29726
27554 22731
3674 25625
17871 29034
25194 8028
3008 16938
18647 20463
6793 4328
7951 13375
299 3753
4315 22530
25429 23958
29802 14408
13290 17590
6521 2244
31970 5022
27752 10073
2929 26755
23023 31426
6685 20800
4970 15448
3145 9691
14019 23615
4221 9936
13689 21968
11729 4520
28477 18003
32411 4391
21980 25512
27756 12932
17955 28499
5805 26957
20945 12938
11595 8734
29533 11199
26648 18280
27971 1734
25349 29793
6960 9221
31187 29571
1324 20647
5883 10149
14538 29799
22544 5527
18458 3749
32249 17531
11719 3646
16582 5287
14020 32663
11095 28177
13690 10786
12520 4976
2000 8892
18113 5100
1904 8958
29606 16533
26680 3227
259 2720
8246 8449
12199 22802
7564 26704
30348 11681
16966 19284
19180 14163
9573 30986
9005 30273
2483 23261
32153 21523
26624 4481
13438 17499
1263 28526
31753 10277
12997 27941
3623 32011
22044 21241
15178 15822
27503 29608
16123 12759
26922 11703
9920 2536
43 3726
26987 18924
7680 2524
7003 26373
11103 1535
30062 20441
30716 12364
7538 29046
28288 10945
32186 11162
26984 17565
14407 14598
27355 21719
653 30530
298 21511
25235 10573
29497 339
2861 19456
13060 4409
5944 9864
30304 24162
3757 3237
32282 28251
6429 11296
22456 27803
12602 5849
20445 16671
5623 27007
24768 15033
3775 6276
16848 25064
25403 29011
15698 13578
17985 28262
5358 28756
20149 23930
27165 2895
31144 23905
2432 26680
21717 4807
10654 24888
8792 1550
28555 31099
13363 14414
20690 20556
12854 17139
13381 4769
18346 5488
982 29077
25064 3564
27492 6340
9233 12445
3583 21891
15802 7610
12417 6015
30901 4750
6298 23071
21401 6926
21340 2086
22643 1998
19135 9262
14029 2728
8214 32514
28822 32375
3173 9196
15534 21117
793 30665
19787 24767
32378 4374
10387 2823
7571 12026
2331 8521
15446 13870
15956 23730
25728 4017
13279 5830
8556 12094
11839 27309
26917 16771
25965 7892
29010 30088
27987 8733
733 29803
1409 15005
17826 342
12369 11796
20318 25398
6501 14698
5661 2997
7014 22457
28286 31388
10713 20292
14832 4075
20844 22553
30445 8980
6302 14043
22774 26686
23723 1520
16525 23505
23848 25132
4159 1585
26981 3450
18148 24477
27474 715
23170 23809
22428 1720
22012 18689
22765 375
22928 4075
13055 10842
24883 20604
14524 19357
20875 14888
5627 5478
30608 4634
6217 29475
156 2000
26478 431
1144 18304
9344 21183
22901 24314
10237 31771
32146 12144
16219 233
11073 22305
10142 29275
15863 3188
18076 24666
30144 3972
8604 23703
20409 27983
29984 14819
15250 20565
6100 23695
12109 16392
7939 15443
14447 2244
14388 18174
18405 13826
3364 30608
27114 29479
32665 13504
5404 10210
14180 17974
8909 2779
30763 22782
4834 29318
17115 27978
18904 20082
3707 23215
5891 31013
488 11645
29819 20336
1393 14877
12716 15458
12168 4755
18260 7061
17271 12064
30038 23662
26439 31450
21465 6178
2728 24433
19644 26298
13613 19843
10289 5781
4028 17319
28964 16179
3748 4514
19391 26016
8705 5142
9897 32105
6399 20871
168 28155
19050 23669
22350 30205
3616 12721
4387 11048
4579 6344
26187 24030
29811 18191
2743 3708
19887 1070
5585 31707
24954 23635
28775 24974
24311 891
21762 5906
1292 30710
21610 21929
19367 20341
295 11193
22240 22983
29326 4680
28710 26819
12241 22744
26452 25755
26823 14982
13922 13572
4441 32406
24614 6108
6999 447
6351 16158
14099 28759
17921 7644
27985 2943
14136 4521
27503 28278
191 3609
30427 24060
14037 28902
21888 9899
24882 7721
21293 15942
15582 6035
12143 25732
26180 7427
23583 19140
15133 32531
7406 4915
7856 285
4805 2624
30900 21991
25600 32306
23599 31092
27225 23258
389 4867
12588 16346
32286 25271
31304 1113
26845 15101
22526 10681
29819 20256
20019 13342
18258 12183
12469 27425
30048 26114
15338 17272
16811 28181
26504 8170
31426 7643
12510 20962
4539 31813
24317 25097
26210 4059
19158 22855
767 20286
7774 8918
22260 30584
10001 27793
22449 7749
1095 22468
6973 19728
15141 16431
24599 23782
31425 8878
29839 23257
22303 11166
3494 1611
5668 13854
3940 29704
17222 24827
976 4705
2522 24996
20020 23236
30984 12521
2222 9700
29427 32079
15741 9193
208 11801
20677 7574
30831 31631
10029 17749
19361 20367
1452 13523
10459 25029
17087 5390
10095 27681
19910 18063
8531 12616
25137 7161
16861 6748
6058 27358
3784 13521
25320 21797
29371 3993
2857 13231
30980 27433
15034 12886
26408 17572
9833 16484
21875 4100
31781 26920
12215 31968
11815 18922
26083 20746
27492 4184
31542 10175
23695 781
22578 2559
6552 16246
29477 19181
13847 9408
22292 27689
12494 28879
12595 15933
20033 22325
16479 1703
902 19047
5200 28692
16669 12716
16900 31281
8688 11392
12173 15675
18234 32383
15862 1982
21161 24785
1424 12571
7493 2240
31119 23716
6883 19985
9544 10947
12648 26914
13193 26021
21946 13549
26265 18393
16906 5848
17240 10398
26071 25594
25210 29411
31391 11536
3552 8303
20872 19786
22026 4976
28691 28363
15582 20376
31322 2805
29719 25124
18378 11201
24750 10145
28537 7555
13401 18246
28644 12676
5503 30639
27281 21946
716 30711
6245 25905
12922 4268
9245 27116
22712 2179
22556 5167
7972 5527
30649 21109
32310 4924
15068 16258
23811 24294
9773 10838
23512 4445
2315 5649
27593 29013
26955 29596
22733 28309
32576 433
27549 2888
5068 9052
14219 17493
23020 27622
15964 22191
27113 20901
4392 15507
7032 9414
20250 28204
32647 16804
22451 10995
7239 2196
31790 17277
12818 1427
1859 21756
24643 12627
21679 29406
14132 29709
24562 3131
25320 4384
25285 7759
23264 19666
29081 29675
25112 30297
14332 16564
27558 24991
27185 4016
21291 2030
3456 26208
15196 1342
13969 5315
1954 7070
4012 2879
6010 16087
20471 28572
3564 31330
18228 12989
9897 26828
24356 14542
31104 2241
27232 5921
9935 25895
27924 21650
15089 31227
32567 31380
3926 30283
4586 13770
16649 5880
21967 8596
4401 22658
21219 9669
22656 7963
2023 6680
21220 32554
2026 26377
32297 19558
12684 29256
18137 9465
7923 7841
6452 459
30741 7724
21492 10378
16257 2558
11153 5372
28030 5457
15125 15552
23516 16481
23159 5014
4799 25537
19147 11613
31171 6825
3314 18677
28141 11088
18928 21451
21909 3297
11019 25378
2990 19881
22439 32511
5117 19247
24702 825
16378 378
16859 7060
12075 7125
32662 7252
18863 16872
23698 19040
4949 17267
28353 27012
15695 323
3618 14512
7124 4835
24716 14638
14380 10114
29359 14388
15212 19497
19874 21294
28353 31590
5948 3964
11216 7659
24531 5841
24881 30077
14577 15462
9706 29830
30151 10162
24674 25399
30234 1001
15639 31798
9143 22181
3802 30017
16746 5735
27028 19014
17835 3853
7817 22614
30271 23781
29622 19032
16342 22035
4729 21735
18796 30918
8313 14433
7063 16181
17182 218
32017 4530
26709 52
30067 8393
14127 30509
16757 14046
17899 8388
31002 1823
25605 25717
11982 28506
17772 22458
11424 28322
26473 22499
4165 30219
13631 2017
2236 11228
15756 30811
30863 1484
9877 9698
7441 28163
9443 24004
32392 24196
26017 27340
20288 30625
26362 18853
8543 32270
27824 11366
1098 19967
17419 21530
23546 5262
16488 31048
29092 25782
27266 32245
9174 27188
22583 4374
28377 16613
8040 32024
26595 28002
25859 1291
20142 14117
13618 19452
30818 28685
15884 8675
30204 31915
4410 534
31583 20983
13996 20898
20374 27908
22328 8495
12867 29549
13393 12142
11399 8477
3711 21434
22723 5225
19342 29568
16253 10098
6015 194
8869 14305
13451 21899
22431 6306
27287 17861
5992 21247
16387 8516
17009 26367
23147 5948
18090 29875
5585 3773
25207 29487
1945 9294
6095 15163
25260 21288
21480 22349
3885 31275
20405 30349
3887 17336
2428 10069
31317 31172
6922 8420
2018 14935
20883 23929
21037 25165
28939 6204
2922 26621
3148 21377
3772 4865
26153 9244
31591 29030
27538 14864
12447 2709
20043 15176
25243 16332
14737 22471
30889 23791
5959 21657
12820 141
25304 26840
277 1088
27709 21474
10083 3199
8065 30856
7333 13855
10118 1449
16314 6157
8864 4887
20061 28759
12324 28905
18607 12537
3562 27059
15950 16729
16868 9521
3595 28768
29854 9404
30876 3870
7068 24795
22884 8192
22045 15131
16580 30215
3603 32163
4281 125
28882 12465
8603 24342
4113 8437
2730 27208
11170 7673
17194 18678
14677 28037
4672 20787
24658 11762
3790 2781
10974 31726
14090 26672
24120 252
32414 30668
30792 27721
7419 3928
28269 26907
2576 16020
10461 32382
7288 5304
23980 21630
16900 24480
12501 5890
17650 21572
24353 4392
3351 21441
15344 2560
2811 17441
15340 6698
1650 2458
6384 13365
7506 9070
25090 1886
1499 10080
15384 2785
24415 8785
499 6597
12487 8546
30116 13000
17390 30135
18809 21702
24261 20739
5411 1385
8081 27070
29528 20751
1350 9731
18801 3143
5030 8854
18934 11123
13906 6529
15315 1551
8148 5554
14098 15812
28810 20633
18001 11447
380 13433
1405 4042
5427 24639
18942 6816
27567 13508
23239 15701
18845 28915
5002 9272
20395 23875
30402 23936
25485 1532
7084 12948
28760 864
21497 21182
32627 24803
5467 6730
10772 240
24880 6872
13686 16197
29703 11053
26755 8485
4633 20173
29445 12833
3939 9634
801 17071
18603 1574
14521 26287
27151 25687
14100 10514
2549 15880
22610 13960
14201 8014
14885 613
16808 6312
17365 28571
4287 13744
1150 11353
24184 8921
18553 30594
14896 28123
29696 19354
12874 733
26418 11450
21962 7257
23135 7750
21710 24509
32524 12976
13589 3142
9452 14640
10444 30395
11372 26818
5402 14730
23649 12520
10347 29585
24941 9435
28789 25244
25975 21868
549 8895
16150 19624
27374 22510
14250 6518
19494 16316
19456 14005
28645 314
30709 28909
22958 6321
21051 9314
21834 28360
25178 11933
21368 32180
24657 17351
6450 17390
26283 17863
4720 6998
29508 9666
16184 32093
15642 10991
24995 2909
3223 2331
31240 20873
27194 1165
10477 21431
17023 15478
27409 32310
31723 9432
26781 16010
632 23611
8707 465
7463 26913
3813 13425
12751 4202
15191 19995
22905 28391
30723 7419
28293 26128
27292 29194
17857 22718
5428 5002
4543 2111
11543 70
16079 3499
27108 5556
6021 16709
10855 3046
16472 13482
17682 14666
1895 29221
24846 106
7524 24800
18161 22800
19227 3048
25766 12686
17687 4315
6426 31192
31263 22230
25728 17968
23524 14573
31280 20069
23114 29543
10256 9366
24033 6819
3273 27936
28042 25928
17961 28119
18150 2797
5845 3353
16038 4611
8924 31610
30035 956
23186 15349
550 28529
10333 16145
3446 24072
20846 8846
18213 26560
610 31100
26269 9479
2638 3883
32001 21542
24340 20599
23950 17384
21993 30183
29026 7219
8175 30916
13498 26295
22057 31360
14738 14046
5349 32389
8468 18182
11975 26195
24528 26681
3391 12585
16467 18028
6803 6029
26626 15699
314 31141
28558 17808
25027 22308
20457 24817
18343 436
31796 1186
15232 7632
7254 13765
31948 20581
14007 15722
9635 11156
23740 5766
23794 13024
19054 7438
23137 30597
28970 12911
30719 23451
12990 24761
16811 22980
23416 678
1864 2388
10020 22443
3441 17096
4910 17274
227 2622
13777 18915
24681 9860
22885 4750
12186 15708
13537 9172
22083 2554
26005 9740
1734 20034
10247 6227
6905 18543
20929 894
23337 8768
25864 30947
15452 26778
29401 30773
16921 15680
25540 10411
15159 8836
24542 15658
24828 27343
29897 5312
15050 14143
1410 23133
29360 16784
2559 11655
12549 3497
12265 23488
21669 3119
29897 5360
3366 4354
20032 26529
4171 20286
29120 12804
28462 19330
13906 20895
26206 20522
1898 11034
1401 8489
25272 3306
14961 30759
1489 27829
18550 27508
30627 13752
19113 7450
11803 27755
21518 22479
9996 31835
11872 25689
12251 6349
27243 7566
28088 26155
4423 20682
29169 29984
523 5822
3814 21672
16734 15482
10223 5304
19056 2518
9966 8081
3069 5400
27878 21769
20838 24585
17506 5107
11455 32708
7507 29755
23143 5931
26611 2826
41 27564
617 23011
11917 562
16044 4432
9734 28651
31167 26265
1577 28788
1422 8367
30136 4645
29230 29300
1640 18205
18145 13967
10955 13093
19024 25650
28477 1330
28894 12866
3111 28518
29081 29512
1175 15026
10910 12356
5853 10909
6930 9309
17676 7430
12075 8352
4883 15043
480 8537
22504 6522
19615 18625
11508 693
2023 5871
18737 7216
2966 30915
27660 21846
4105 32045
11634 28833
6975 15014
24323 17485
24916 13904
22254 9230
24271 4224
12761 27138
893 24751
10607 2499
3190 20506
26377 22114
29328 5213
3361 12348
1425 32294
31572 31020
27086 5531
20545 10438
27923 1293
15197 12099
21329 20070
24295 4682
31820 12831
4814 4287
6784 32711
20451 15419
4766 9972
15185 14059
26407 1326
853 18547
16798 27833
595 32424
10093 11117
12410 21138
468 5247
25318 27605
32288 21797
1859 16844
21129 31339
31282 6673
22093 27914
5119 18964
256 26857
28183 20303
6081 26662
21728 29035
28690 22879
1229 22321
10690 6016
11263 13638
8474 11158
188 3812
20656 7995
6566 2045
8719 9019
4164 5081
24043 30810
24900 9281
29584 24299
18194 20315
16583 2898
25775 7153
29474 12506
18520 27005
7874 7397
18555 29781
827 16348
24342 18741
20785 21483
30500 30908
3220 29504
27547 1897
11179 27263
18795 19678
7226 7994
10891 4221
11374 23807
3546 3899
30902 8080
15477 22064
19079 6009
22358 1264
20003 19904
8620 13931
12072 8021
4756 6352
8249 15290
9786 32301
19213 19426
27419 28579
33 26437
17478 5543
9442 11408
19488 21022
10320 7578
13585 2196
3458 29399
16534 3174
17105 23462
31481 25154
31504 29175
11698 3471
3005 6987
26411 21482
17295 22216
15887 21063
26606 17326
28734 596
21618 3280
10856 15453
17648 31938
28568 24439
27614 21106
11799 12335
4721 11950
8359 10514
13983 3458
10443 20055
8771 16986
6436 4088
25149 26064
10623 22321
22917 18987
22267 6589
22040 11766
10938 354
24793 6921
28028 6737
19073 19638
31589 7058
17570 23792
27250 7179
27232 31553
15773 4925
9011 3234
29298 22207
11759 1393
20380 7153
13740 1907
13673 9878
10230 3013
9935 24609
31347 2255
21893 5194
12250 17651
8676 20713
27890 29821
28605 3157
8080 22356
25590 11609
1049 17091
18485 22120
29271 12806
14713 6096
15975 10244
13257 28385
20227 26205
28460 23190
28382 18805
3687 17585
5531 7866
4920 12361
15517 653
23009 758
12368 23597
7922 15830
5181 13415
26222 26405
32501 1683
11925 8166
3782 15707
9146 25181
15604 24010
10046 4837
22422 11218
19084 13734
26095 27952
28603 24004
24760 8845
32441 18843
1904 4359
17775 7596
1232 7086
8767 11228
19392 966
16674 20693
13107 23175
14416 25818
30655 28709
7160 24462
5427 20309
15492 26242
17479 31523
7599 11328
30171 9471
13830 7273
14867 32075
6392 31603
10062 16099
17066 15158
3084 29455
19863 971
26789 16189
12129 1510
25972 24675
12217 19288
12763 31398
30152 27707
6268 30241
6945 4984
12256 3670
2979 20773
19610 27123
10454 9369
24527 29672
26358 27520
28489 27609
11031 13452
14962 22511
14419 23159
9680 8166
6797 26635
21575 22443
19917 4182
9166 27842
31512 26860
14867 21420
15777 1722
11090 1708
31380 26231
20982 2850
30460 24970
5655 16704
6446 8722
31879 20618
28784 20863
14731 8792
31234 2814
6996 3538
31378 18382
12476 16160
4814 30123
31844 27341
29049 20589
14051 10167
13017 27660
19863 2264
18966 10708
19429 25519
13368 25412
13508 18541
27332 9385
12197 28238
31774 25799
11412 19193
2584 30385
27739 23888
18460 7396
27985 26814
4214 14742
9636 9267
11531 17230
27936 29497
22247 30497
23140 14598
371 2848
12231 3880
32116 27701
20731 24428
10852 31123
28739 32143
23263 13437
20831 23709
17757 8956
23699 16048
25315 21969
6432 566
30061 4078
1806 1602
16198 19542
22388 24947
28827 16567
11501 1853
26281 28174
26528 32232
31609 4367
17802 22498
13440 22105
31059 5866
21914 31195
20398 21991
22555 14461
18539 26830
28430 19850
6623 20343
12523 11860
28427 29011
30864 8581
3988 7162
6625 24379
28744 30514
20245 5467
27570 13777
19643 919
32112 25863
15085 8789
23248 19743
13805 4872
24722 9018
29361 9466
21326 31343
27587 9116
17697 16987
24147 25685
17295 21684
19431 30772
3471 13270
27047 6910
7827 31039
24133 13921
22708 7172
26914 6450
11322 13189
22207 7952
17418 3275
1851 18800
27916 5976
22961 29438
22354 12844
1761 14341
12344 6880
20150 21191
28101 15813
14084 14430
28350 3159
10329 5450
11900 18291
31481 4476
12428 23220
26495 20919
6950 29845
3052 28346
25016 2099
14944 26013
7585 14603
21484 16703
5127 19929
2974 8865
23294 459
3618 17058
22506 18877
4401 13948
18422 1638
24858 3113
24033 30849
27925 18585
14164 30983
314 30977
24223 6413
21015 15256
31959 31808
18968 9730
18595 4318
4777 21940
6229 9122
27999 8394
22340 28736
30372 32399
2745 7995
6077 22461
8279 26776
24993 1233
32210 22442
28853 25305
7794 23666
22705 17101
26831 6984
11302 8907
30847 12658
21778 16078
24472 4310
277 17011
16641 14043
22038 30647
20341 19386
13396 28114
29347 28619
18294 5620
30925 28789
19688 14380
31482 5950
12934 9625
18532 25544
5433 24235
7546 16610
20918 27212
11454 32016
13292 21193
19073 28095
14714 2563
30675 6646
2498 28108
961 27254
23276 20792
2405 31884
5067 10195
19820 1118
26661 18000
9466 5583
22192 32094
26539 17012
16261 10341
31535 5226
552 29551
32112 17839
24485 15267
10608 30021
24506 26983
15006 11568
10685 15013
25206 17410
18528 15751
982 12260
17841 12420
11748 10446
27458 7264
17606 5518
10743 10950
7732 16374
1446 11295
26562 7077
4329 25932
20146 4402
15968 28835
11079 2386
19796 26651
9633 3519
15777 5555
17976 10615
21061 851
8116 29722
2473 15750
26698 25720
9325 13216
24512 1663
8741 10771
3934 18305
22705 13068
9137 24079
26465 5906
32556 20216
23733 13492
19047 9422
20036 6743
7595 4254
1209 8330
24079 15709
8660 3683
16897 18008
19670 17985
28754 8640
26944 28409
8710 32689
23999 16882
22787 17847
5295 17697
31187 22576
31998 29028
3005 17467
21722 19267
27596 10598
26305 22929
26610 18906
4145 2198
20181 10741
19379 23815
19457 16168
16088 13556
30437 28168
13246 7320
25015 20455
10262 18541
14801 23435
8136 9491
28757 17804
28400 29856
20016 23584
9723 21938
24134 13860
24599 13868
4915 11546
27714 11211
24766 24372
19773 11036
18354 22434
10120 251
18790 10603
1271 20382
29873 824
18626 9405
6492 25863
16680 14259
3428 26509
7602 26401
7501 27560
6339 32199
10641 12416
4019 1285
12321 2638
25072 23791
24042 30673
8509 2425
22805 10065
10888 9779
19184 19910
13004 29514
11005 25675
19417 29683
23317 14433
9225 27017
26447 30816
10463 15564
16849 4321
6960 14483
5507 29168
27073 32030
1687 29547
6845 2815
12594 24492
11635 17731
14477 31777
24685 24638
21554 25482
7146 11333
5581 12102
10152 16371
31934 32028
3582 20615
2331 16014
12416 10540
9804 7836
4616 6722
9535 11491
3214 11460
29191 22128
21136 14848
6719 10899
3614 13052
24385 28271
7606 10759
27128 29964
29225 17758
5605 26295
9543 38
10577 7934
15769 21957
28677 20381
31870 20385
31843 5443
27571 2315
17161 28266
6398 15940
28992 23880
19382 10011
20770 20608
17805 26989
11978 15129
8658 14261
14300 17583
25516 18199
7389 24877
12489 8518
28901 3297
8740 11590
13905 27978
23477 3545
19483 31067
22178 29875
7117 15707
3548 8794
3014 27887
10250 21352
2846 14992
32574 18906
4338 17144
9252 25323
1074 11725
15022 21741
564 29975
25186 23760
27305 14468
12766 15894
13001 14020
29727 2175
10967 20118
15237 506
21858 13981
28972 25487
11624 24705
9082 28779
21335 15960
27685 18335
7307 22407
19613 9938
931 7870
22338 12031
27925 28235
9488 2335
4508 8159
28278 6446
6952 15476
29455 10748
3466 28811
20749 25660
21672 15088
31048 29829
15395 10238
32645 25966
3135 22703
30573 19490
31521 4066
32301 20142
22477 26677
2068 9020
15466 26983
9692 30346
8325 22419
18461 6381
32041 11789
26875 6441
3503 20945
31183 25156
18353 18899
8833 31060
17783 21488
25554 6639
26781 16535
10445 25087
1340 16489
10705 12513
10090 16805
6455 20396
26777 18413
30200 24916
31355 26049
14227 24308
16695 2091
20988 12642
10933 2281
23767 29821
3691 28714
12482 16555
8873 30472
14192 22925
2670 10213
27016 24896
12525 12758
31170 704
25618 6533
32580 28603
20143 24206
26296 14039
26679 4071
6351 14517
11570 4845
792 30118
13904 15261
12965 13272
3430 22777
222 27155
19284 6098
18857 27238
27943 31807
5571 17260
13094 20794
12234 5383
19422 470
4540 5763
20278 13334
18177 10891
8240 31846
14341 18969
32241 22145
12155 27304
21692 2902
9001 12377
6849 8208
7246 27858
12349 2023
22815 12816
18199 25441
25910 2282
8043 4852
18184 30450
8572 28320
27399 3594
22561 16812
6190 8973
3508 22033
24935 18346
30721 25201
640 1167
29023 4801
6824 7886
20702 8605
1280 29640
31920 6132
10984 27188
24871 7197
2748 29166
32758 674
17486 30147
6352 22552
11818 23675
9252 9860
2292 3985
5152 7206
12008 2932
10817 1409
10012 18830
15703 31517
4883 11290
5711 14857
22052 15865
12265 30582
31254 24800
22178 12256
2040 15974
6880 28528
5620 13858
17841 16132
23336 7912
10843 22994
24401 2575
21406 21660
20410 1646
12937 4342
19197 25293
8390 18648
16462 8482
513 20655
142 14949
30921 22690
18451 2182
16039 5034
21164 24071
31982 1113
24107 11734
14307 10058
31716 15741
17386 2946
7289 19359
11884 30323
16204 26484
2200 20274
8160 32666
14847 2711
25399 8302
10483 13001
18034 11084
2386 26522
27635 6429
18161 1599
11657 18974
1946 32469
2648 10604
29964 19332
16888 9935
3653 9079
29351 324
221 5851
8560 4744
13044 15068
28068 1193
12275 23527
17280 13335
19762 14659
16259 12147
31121 5157
4859 27914
5752 298
19629 7507
17441 2947
12026 3750
4072 21094
26943 8610
13352 4294
19360 2736
3929 26396
17155 14659
27992 16202
30862 1666
13813 14988
20145 14352
9499 12165
12464 25004
32509 15249
18196 32093
3074 17183
5508 30220
6063 7145
11437 32451
2419 19413
13041 30797
12690 6346
22549 30194
31860 7915
22901 20642
2227 12907
25072 10279
2514 11724
26972 4767
4093 2257
19438 12401
9853 7166
14311 24947
24629 15914
2561 25748
23776 27048
626 15602
13029 3697
11611 23175
11048 12122
25027 1745
12025 13273
24997 17331
22098 14537
16794 19200
31602 26190
589 3464
28409 8686
24600 14898
7877 20271
14551 27161
9996 31653
2582 15177
5583 23023
2379 14193
15938 16631
29904 27404
11968 27961
9732 22132
8566 1300
27490 26524
29988 7399
16085 28077
10206 25630
13133 7916
2311 18083
16967 27682
10090 12305
2562 19549
973 15673
32302 4939
32343 16912
12104 29437
18800 11545
12845 21834
15592 27364
1996 7566
2874 12811
5673 18079
25996 13080
31163 18804
13719 28305
7843 15361
2144 23807
6711 10405
15344 3117
20027 6244
2914 14921
26464 32130
21197 21712
16310 6540
14106 4020
16830 18304
3617 16980
30058 22501
8538 29611
25149 28452
11046 22255
13295 225
10629 13188
16304 20004
26248 25973
8125 3564
2925 29160
18105 1822
8362 24121
28141 1648
19953 22466
6677 12202
1936 23568
20412 3968
32418 10472
32725 12794
13017 10698
23884 13251
488 23646
16851 7421
10984 26736
23129 24974
26795 13909
5263 8466
10114 2388
24855 636
12836 30065
20866 31530
2730 14773
25243 8509
21301 2381
13079 25202
5686 1552
25196 4197
11616 6175
142 9280
1486 22600
3741 23272
31738 28281
30669 9004
9638 9083
6382 22755
21519 22475
4479 27246
2989 24249
26628 29722
22157 24288
25840 6941
11136 27844
1250 18268
27546 22750
12584 1392
24662 29032
24546 16325
25327 23633
32715 22447
12435 2197
24672 6328
807 1185
25432 29151
26104 3794
28083 19294
26233 15493
10568 21154
6655 4602
27352 11818
13210 1435
30465 7167
23490 5106
28737 22245
11925 16051
18248 28683
2244 24358
25544 10151
6533 3050
6844 18209
4736 32637
15363 2158
23313 30967
2802 25931
4980 29966
31399 30153
4551 18189
23293 29098
18574 28042
11324 19261
15178 30499
22088 29570
6954 17422
20472 14865
306 13485
13353 27315
29473 5040
3241 28717
21879 20017
17215 6041
3425 26858
12280 15845
12176 7977
3250 2806
22065 30748
28478 14574
11375 4476
21897 17800
32665 18327
31812 9602
4150 202
5243 12398
8346 855
20870 8484
14523 30224
24313 5318
21162 17949
25924 3826
6630 571
31318 29174
10979 28695
403 27029
12062 22354
7912 22300
31902 11959
12159 6957
19353 3284
4137 17402
25884 27698
25155 25007
30324 7641
25588 16701
20525 18719
19288 18745
15152 27153
23079 17839
12100 26129
15716 23482
13015 24162
3352 23626
30581 12149
15431 15512
145 17167
12098 19568
11806 26030
902 4484
21183 9361
28080 26490
12468 8939
3325 14600
32437 27618
20980 26403
17118 11770
3164 3927
27553 30132
9514 6514
22026 25367
9767 24945
11744 22170
15433 21864
26346 23548
143 16333
10054 14761
23700 28221
10052 22522
17373 27024
20660 9723
21491 5584
9511 5009
2374 24653
31168 4297
29662 11886
4062 20427
9828 6660
28524 15804
6586 25259
8825 22102
4096 6727
2179 18879
8632 27794
22049 12232
21953 26003
31587 9942
14950 10677
2564 8331
12626 17322
29209 965
21390 9521
16182 504
16309 31219
23711 11937
1270 22893
29620 32535
18647 5364
392 31799
11262 27278
20514 22441
32382 448
11126 19335
27664 14565
31885 13688
14651 7522
17043 28327
28830 3272
1722 456
12392 12372
2496 25434
25200 13662
19027 32114
31146 11078
5589 19417
9091 9640
10088 26104
12670 8704
23267 21212
2131 7567
15089 22386
17946 16782
20055 32131
32585 14007
26379 21777
14442 12210
25871 28873
28220 6875
17954 12129
31546 26598
3471 23543
16878 7868
16571 13559
2003 29548
4347 7071
29455 4134
20917 19436
18798 14633
28640 8203
29980 18617
30825 22251
18357 11654
18527 23927
3289 13811
7640 3712
27254 2066
9935 11111
24668 11365
8145 26506
808 26671
30804 12492
31926 30264
12130 18954
27155 17958
3806 8003
30254 24366
3253 1864
25790 15843
29652 21779
25491 29079
31146 4525
15634 19978
31344 8312
2049 7535
1438 6720
19212 2857
352 32242
18427 18371
3560 12482
20484 12815
4414 7366
9229 17969
1045 7666
29445 2252
31329 30697
2453 22169
9379 29708
5251 18087
25621 7954
14674 7300
10158 27057
26532 1119
19490 10510
22991 12190
25003 23049
30415 10706
28675 29415
4314 6875
9125 29719
27647 990
23158 7688
4627 30101
15419 32537
7724 9879
17179 8273
2563 22398
23515 27335
5077 29093
8516 10236
518 28066
6005 750
30166 30932
5038 1911
31630 1711
2700 14164
21850 26511
23843 25858
25626 26477
3587 6495
14767 581
22977 20767
15333 17330
13655 13725
23961 20410
15709 22169
22920 24478
22643 21712
23624 20319
22028 27681
9076 22485
16227 24728
17817 30926
24635 7303
13797 10676
11257 28222
16222 28564
13125 1467
15190 31554
19197 26780
16183 6385
30863 2138
23850 6334
26651 20737
15649 14705
4424 15912
7872 24724
22883 20651
27955 25689
3599 14751
10207 8983
4780 14854
16322 26427
25212 17903
11917 31512
5128 11643
13779 28098
1663 3222
23957 4860
19566 28314
11457 6840
31564 23990
11874 19329
12252 21678
3661 7060
16043 15849
30703 13866
7526 20823
5958 14256
13000 32737
11613 17875
13204 18128
21351 25390
30250 14867
10412 12539
19379 17049
8272 21869
8430 18174
7086 20145
27205 20682
3762 10747
24613 10482
31303 1698
15953 32137
32105 4494
22367 28953
14314 10949
3572 2804
17669 2896
15436 1056
18103 28081
17182 2046
20219 26376
13754 25612
13525 27303
5281 8190
18672 17287
18983 29892
29260 17207
21701 2169
31120 28599
6781 11302
14104 12668
15562 10354
11408 31772
27084 30996
274 29511
23118 11499
4342 20493
15029 4103
12294 17867
2385 20308
17433 30964
15404 21367
23534 13926
9758 4339
15639 21888
1787 16540
26892 29741
28746 17347
15575 5533
2277 23064
1794 15849
3573 25394
29497 6137
24002 18600
6141 9024
7222 26386
14984 23574
4731 22626
26963 5751
27637 14490
31028 9833
6808 29422
14003 25151
30684 2787
25849 29578
12658 192
25586 27644
1012 16231
2062 22315
31339 25012
18631 8203
31775 5792
28417 848
6598 3739
18227 22613
32445 1468
30891 16488
8872 6486
9271 12125
8936 6787
6980 2352
29994 21592
5056 32564
22112 31006
23249 7118
15319 20683
26475 9114
9960 14327
18066 22123
11968 16558
18025 3525
20013 11646
18130 16149
28274 28884
2902 27401
29751 4441
26033 9880
9678 26978
25215 31087
5436 31788
19702 15698
24812 20755
2315 13409
2765 2003
18562 20379
23904 14733
26377 3820
19967 11149
7264 11740
6373 15472
19913 10166
20047 3357
30336 13177
11497 29723
28742 22784
5713 16933
4919 15678
29087 30523
32527 7234
27611 31852
13817 18320
22138 18747
29896 7427
19168 9338
24808 4391
14557 25541
28896 11954
25131 1835
31558 26465
16481 3859
20790 27534
10445 22192
19949 25709
174 6763
5846 19707
5260 27785
13763 19663
27089 27398
3967 10890
15281 13488
6260 28775
7960 29839
31674 2389
28853 322
4181 30464
25231 12565
1990 24969
17911 2907
9668 21939
8879 18085
13101 15514
2409 14137
8768 26865
4988 29496
10217 12733
8739 20270
17340 16477
18864 16697
17019 16247
13944 14950
27515 21198
13400 6406
9311 29504
18676 31309
16627 18979
1727 27554
8924 29729
23825 4134
863 17691
30422 28813
16314 11078
27553 6395
23090 887
17133 13650
28599 7343
28539 31075
4715 23345
20082 9171
7713 14026
237 5990
777 24341
21301 1962
6096 9699
27390 12357
8403 6957
18035 25046
31439 24716
25603 12819
26467 21762
29103 9967
8276 22297
12876 24876
1278 12991
27015 189
6179 8991
563 27252
29212 6954
16654 21862
1452 2541
9496 11277
3554 9856
1803 27529
7581 2226
23989 27404
4605 1280
23577 20323
12430 12881
25870 3686
3876 13708
22700 20118
14602 10053
17008 23261
12357 11047
13587 895
12172 13809
23663 23081
17844 15727
17951 25466
20104 25423
26703 9171
29495 24709
4821 17514
21198 9158
22867 30691
18040 25074
2359 12798
3292 32640
10919 19367
20260 15647
29457 24506
14820 32432
15390 20353
13051 32662
25319 573
9744 386
25093 19255
4002 6472
15629 29914
27838 25201
17506 5729
18525 13109
12983 19865
6463 21815
4696 23902
15639 26723
26387 1386
21737 30457
30353 9008
9581 2021
2405 22903
9391 19324
25794 27498
24645 13392
5824 8656
14383 19714
55 23328
10425 141
21957 13038
4171 16888
10843 26651
28037 19808
17496 4463
13471 17005
19025 15080
5216 23051
9606 21430
16162 14606
27998 2633
11290 8038
27751 1053
24381 25671
25811 27806
8075 2039
18926 14999
8883 12246
32052 29769
1465 4151
21156 16781
31860 14934
5216 7414
28845 4309
18913 14822
17454 12238
20276 14142
15195 28742
21646 15260
10297 6808
8847 14688
29687 18372
30616 27771
24773 5801
9952 29901
13914 26236
8402 31109
5756 13007
17314 13618
28439 1832
14070 3459
17601 13126
9101 1578
16836 28
6836 30745
12667 27134
12739 15681
10686 9587
15389 10589
7721 2692
28929 25341
23681 21633
1873 4564
18180 29436
31268 19186
22645 13852
26978 12570
14148 7477
7505 3310
1289 30982
25349 14341
30023 13956
23543 5320
15907 7942
10632 6163
31503 23628
12495 6794
11356 22417
19086 14366
783 29537
10622 17586
30156 23426
30904 4832
8142 11535
9750 5640
19982 9431
23385 2331
7651 17236
25178 14160
20323 23558
14417 3043
9836 19059
8708 26912
8510 21192
17962 27792
12609 9293
32718 28583
648 9998
21531 30855
3728 8788
18218 31282
846 23708
8177 8836
22996 8495
32053 586
3628 10551
29608 13703
7847 13462
1887 5549
573 16355
25646 19848
15662 13182
23179 25597
23683 16308
25096 11943
10456 27410
18351 10547
19382 11302
19795 26527
27111 9611
20162 19081
16 30739
11432 17004
22551 7861
24216 13318
399 23122
3538 17095
9926 16059
32367 26717
5891 842
28252 24696
2475 16348
27650 13835
7595 21857
31466 14677
991 1937
32677 18860
3095 1005
8866 11340
24658 25644
16000 313
17409 25055
8347 19536
13486 27333
28175 7947
32644 19377
2956 23659
4725 2350
24205 30605
12515 12318
14255 22902
8993 13506
14510 14163
25504 12088
4964 23376
23690 17395
9684 20964
7733 8330
2896 18031
25979 21217
7825 31069
21961 25854
28202 10782
8620 26684
6235 19640
9773 21133
1872 20491
1887 18767
30853 16380
6988 27391
12018 3050
24012 30676
6239 21702
6964 31743
20193 9135
7437 174
26026 28017
6030 29397
23314 21461
8332 14648
3014 29550
17272 18106
4106 4884
21265 19159
13782 2192
5241 28253
26162 25798
14731 29253
28230 32399
8767 21695
21868 15654
10902 16202
12830 15127
3822 16932
31578 3376
159 12154
30258 1825
6710 17429
3819 1597
3788 27973
23459 17599
10630 9027
5511 16852
16484 25361
14288 972
16627 25249
8684 3389
18516 27527
11691 21515
24891 22336
1724 10502
12328 25048
9708 31982
811 19036
14242 13527
31127 4597
13624 4932
21784 8988
1581 19135
20108 5501
30750 15869
19258 3966
31491 6665
28178 5005
27342 10415
20918 20300
12579 29064
28279 477
19513 22287
3046 29088
918 986
5918 1404
10392 14540
909 27700
434 11973
27840 21015
24979 31182
5078 14329
19335 23703
1352 490
20788 13908
10205 22268
22745 601
22888 5715
2037 9489
10473 25932
27336 2955
17494 16391
11324 4962
16933 18403
6649 11756
10169 12007
26336 31628
22564 15247
15735 12902
26810 23914
13413 3757
4356 4248
9964 3389
12878 27242
20408 12001
14954 23349
6973 14977
19937 32448
18082 18295
30049 4104
16109 24729
23590 7451
22697 9678
22579 13386
4531 5663
9418 16622
20871 17945
21334 13774
8248 30833
10065 1444
24793 28656
10864 25017
24697 31765
17291 30802
2137 10012
1973 14574
22023 18246
27922 25563
6180 11951
17613 17734
1588 10710
28655 27031
8037 22459
20523 17220
18662 16285
12172 30588
22838 10689
9685 23036
21069 14768
24779 26976
8781 23206
8685 26752
19546 30803
9987 3839
21571 25725
3668 27598
21861 23159
12849 32323
16774 29898
13414 605
31191 2670
13357 25584
15853 21263
3262 23042
17249 4156
27360 28039
22022 26031
24065 3279
7116 8802
1760 1283
28882 28687
19080 5428
4982 17976
15105 31927
32533 21756
24426 28517
21334 30957
19451 5014
28056 4418
8574 22712
17984 12537
5799 3168
6445 7238
16040 29864
31147 13559
9479 17798
23224 27262
12469 28557
27718 28206
17193 27574
23324 27482
25672 8851
13865 11891
16308 12355
2300 9155
21690 24882
28048 20282
27520 27489
24586 1724
15283 10791
28589 22964
17460 24761
20551 19044
14483 29929
24735 15500
10215 31677
7761 15290
27180 3119
15474 21624
30777 10721
2836 17772
5285 19700
14422 30883
32607 37
10826 6239
29204 15124
7118 6647
25691 13895
11055 27667
10401 7408
6316 3023
18314 20616
23735 14075
2932 12727
23448 6440
24210 943
20641 26282
24398 29496
29531 2297
8536 24237
6594 7590
14237 4971
18866 13710
8610 7160
14566 29922
176 19009
6857 20882
2188 18490
31215 30590
4264 5118
6061 21894
15410 28472
25199 26701
28998 7039
31276 21963
29552 4765
9737 5101
18809 11020
18180 28601
25756 27418
13660 32746
20859 25931
11654 20517
18339 23047
28166 10101
31995 22601
18306 1458
28159 14636
21676 10739
32700 24388
29152 20183
25285 29485
7737 6120
1954 11325
5976 25917
25895 27709
20873 19637
7385 13987
4266 32525
9859 25724
15556 32430
1121 9088
23722 1096
11835 29279
20898 12631
48 11766
8485 17283
23403 25331
3889 16220
9370 25358
20300 9866
29501 2498
16484 8404
8162 4117
29840 20750
20413 18022
27108 12629
13725 21532
18042 18063
30693 25558
4556 6174
23457 30741
23303 13039
29259 14094
6685 27190
4287 5862
8359 26983
2620 1021
5137 24841
12824 10782
28802 2208
14837 468
21998 23143
8438 28561
21350 7274
13448 6364
4336 25906
6176 4138
18230 27639
22060 2668
8529 24913
19129 26348
27367 16888
8962 21747
32528 32504
1943 21784
22250 28561
18936 16781
12573 11481
18753 27374
971 1154
27059 32201
3571 5305
175 468
3137 21801
13948 22235
15816 11666
28552 308
22054 10415
10152 4745
26529 21813
17607 12096
28875 16010
27489 3776
31150 8679
9833 13476
12910 32119
4655 4125
4592 16481
5514 4830
27066 7729
19393 19460
19766 10113
20528 15178
19921 9053
30866 30679
10006 13681
29691 15707
19481 6112
14791 24413
5122 17865
17215 24624
28748 18033
1745 21871
26701 573
8300 7257
26717 20998
31110 27691
10100 13717
22768 18871
16783 30021
10935 20866
3804 26787
132 7859
32270 23285
8381 14923
6779 4626
22657 25597
14701 2758
3331 24400
31658 8633
29630 11629
6553 25606
6556 27973
14077 16653
13907 29325
17422 30859
24879 24840
32699 21226
11744 25012
7166 32202
4059 20126
12956 13945
16703 26716
18348 27655
3519 20032
31659 17239
10078 382
28353 5443
22096 16633
13189 9664
7754 3234
28072 30611
19070 32631
24876 28004
27438 30814
18171 32041
13217 31497
25445 31127
26013 29921
17184 11026
28263 29531
29913 16075
21518 5574
22205 25498
2395 10846
14078 2627
471 10147
10011 9384
4621 19541
17587 2119
1393 32057
30786 2991
1350 14610
11762 23462
1719 27361
24125 28945
12253 29982
2787 21270
14001 1004
11850 24993
27620 16394
26541 25929
2546 28090
14862 3783
5902 7165
6454 32449
2672 7295
21904 4471
27933 4020
31381 899
29844 29652
26867 22738
11239 9330
10333 29654
21880 25238
8865 22183
15343 16732
12055 2637
6420 17887
25051 26917
26598 12323
19616 31505
3209 29268
521 8753
9651 31140
28025 31900
21869 6726
16055 22123
19010 341
25579 26388
15802 8122
24852 1675
4310 31144
16264 4138
31055 10731
23052 8546
7284 24884
21385 9901
18653 10491
8862 21904
21038 28302
2259 4120
26243 10138
10480 18314
11933 12485
20605 3290
4964 27734
26111 12690
16828 9274
20003 9606
18153 15114
7232 10288
20188 25435
3158 28615
17753 6072
1605 12020
16141 6024
16160 3864
22177 9615
22098 26640
29929 1341
29073 9936
22624 2124
11398 22417
32022 6683
21796 31400
8921 17408
10074 29026
24874 29107
2410 13232
25253 9860
15882 4015
7878 8625
18238 32043
25914 30053
31394 7570
17504 23074
25198 27701
17349 7360
14041 3828
2461 16604
1243 3070
32096 11382
7721 11318
24548 24202
1295 10131
14147 17032
25657 17176
16450 22023
19309 11127
18695 9597
32672 17934
12868 3432
10790 25101
28929 30216
14051 24832
27902 31390
10004 15295
26611 27230
18665 17725
27856 18392
2658 19958
4367 9234
31255 28313
6671 20817
30413 17797
2965 25366
28797 30316
22650 15831
13278 6820
31650 18813
17434 27330
9856 26786
21247 27438
12396 3700
22090 7145
27103 7484
16716 24746
20293 31471
19519 15205
233 26962
19562 17163
14712 3198
19028 15590
22408 4594
23405 32306
26869 21292
15311 8072
2744 3958
7656 3791
10934 15138
22620 29747
21726 5270
3972 6570
21773 9250
3446 23490
7886 22006
25203 23006
5827 22599
27191 11464
11001 28235
16760 17829
25899 5102
9060 32069
3091 28641
11013 16715
13695 14025
19294 864
7432 2652
11901 23266
13989 29205
18443 15345
5584 21874
11706 10879
22341 11409
6877 6128
23957 575
5677 23638
22938 17087
12962 14736
31449 26030
7286 23973
24837 12377
15027 26580
17080 32270
28708 26928
9506 31067
20174 14382
25261 15088
26497 31878
5239 14833
15409 606
24244 29194
13515 21084
3051 14413
7676 26475
17681 1733
14108 14963
8776 9751
9252 29134
23295 25854
24153 5192
19574 33
15119 11558
10670 12069
26902 8848
9454 15907
12333 9542
30625 929
15342 25846
19554 907
2639 23017
5213 4466
14217 16747
13114 13987
7073 23468
28660 3641
3672 31226
10015 15467
27534 18791
27637 20685
3824 21668
31210 4322
5251 16157
9234 29066
29974 20592
10840 28788
487 32611
16591 16051
30038 14702
5403 29704
578 4342
2799 1296
16762 4250
23039 12815
731 11529
430 17910
22232 4555
20710 31639
27936 27482
15305 29944
25963 25141
24985 26145
9427 26448
8382 8810
5745 6698
11039 13783
15078 6323
10571 13838
26651 31840
10602 843
18751 27383
31936 11031
9903 8215
2928 19880
17055 5072
30214 18231
11607 10250
3929 22430
31240 21034
27730 12311
26095 4218
10539 6002
19839 8406
7479 21108
21952 13723
8339 18079
29108 7934
16147 7509
27387 6242
11313 19075
4537 11675
21923 8760
31188 16144
4411 25853
5397 29662
1111 32142
5375 31490
7129 11649
32757 25214
6171 14606
32684 21940
29875 14508
22015 29025
2501 13253
32327 16635
28309 13814
22572 4097
20242 17465
10549 20993
17886 24651
24024 15947
14670 18996
30645 29400
21845 21798
3637 30635
19809 28014
9756 3552
32578 16915
30168 31769
15638 2310
16124 29728
1059 11180
28643 5927
26918 21299
13183 6426
22371 12038
31034 4439
