200
4856 11785
22487 16896
4709 29905
17978 12842
15039 28473
25730 2947
7584 19375
13460 17298
29009 5696
8811 23509
4095 9411
4031 7547
7463 28897
32225 13810
13751 3714
15497 23
16917 18605
15742 5217
18059 21626
17332 953
3898 329
19704 10294
27592 11483
17177 396
23903 23833
475 25988
768 27998
24127 4507
18315 8229
11943 23583
23604 32066
17903 27441
32658 7754
29380 878
1831 17949
18278 13944
24236 5730
17211 5216
5610 19061
10127 1621
27608 29513
24743 10601
15106 28376
3839 16101
6915 654
32718 15780
10452 30520
5505 17854
18732 10344
28291 2117
16061 20562
26290 13802
19016 7530
26589 10732
12351 24626
21371 3948
14549 7192
2800 13347
29446 29655
30307 6637
22417 3594
1347 30258
15346 103
10445 6851
8968 1309
21871 5969
19769 25027
32555 15394
26126 6019
30645 26377
30325 5711
12901 19249
32594 12105
8991 15701
22338 29273
101 6531
4023 11987
12088 1446
8297 19367
20676 22531
28498 17265
9525 9781
25173 15500
21519 9313
2922 18531
24240 19398
5878 478
12582 4374
20076 5704
2210 21573
28105 9645
21630 2309
3754 32126
18726 951
23480 12051
29315 6633
16414 19211
1945 6071
15383 8819
27350 23464
10093 18303
18781 18823
23195 15970
21674 31363
20170 10502
20148 23882
26190 15506
14863 9009
9961 29942
9226 822
7455 672
19884 5772
11842 23868
32685 21829
12524 27223
12759 27268
13322 22616
5819 31540
30137 3748
14251 27491
18604 17538
275 1632
10639 12025
9200 15138
15958 20598
21271 18425
24195 23411
14512 8388
30215 3270
30493 14428
8927 9972
32586 10485
9257 22249
25998 5636
360 6625
24161 7480
9112 18963
30986 24436
6805 19749
7581 7420
25843 22763
13407 28852
4473 17271
20540 27918
9579 1921
11891 18264
28750 18507
7987 11711
17347 5238
11863 1216
8696 17706
3902 3255
27691 17808
4789 2119
9537 1729
24490 12370
8455 2613
19885 5130
281 12928
14847 7656
25920 9859
28366 26738
5682 21901
27139 3586
4803 23030
7967 6233
9488 13499
31306 11867
13986 4410
6137 3328
15696 23524
26137 30627
2989 24151
4310 13253
20907 3268
13127 19157
13126 14061
3195 8724
12311 18809
9070 30333
3799 17112
30609 17037
28904 13286
17696 29146
32472 10121
878 23834
21692 15401
6785 27014
7498 24681
27950 11095
30250 28406
9698 8310
17035 10610
29417 12893
10457 29344
13687 5718
22753 14255
27541 11529
7909 18888
29009 12470
