50
527 7
965 7
1061 7
101 926
555 5012
242 2195
817 7370
696 2095
236 715
1562 4693
600 1807
206 625
822 15634
1003 19073
1290 24526
217 4139
115 2201
154 2942
708 12046
1158 19696
576 9802
897 15259
358 6096
1104 18778
1414 24048
751 5275
1072 7522
1122 7872
1 15
388 789
538 1089
237 487
444 8453
842 16015
1042 19815
1266 24071
245 4672
360 730
438 886
1043 2096
1305 2620
1147 2304
153 316
511 5127
938 9397
1410 14117
1482 14837
1505 15067
113 1147
955 9567
797 11973
1028 15438
1047 15723
949 14252
426 6407
1262 18947
191 2882
1588 25419
1304 20875
1516 24267
348 5579
1294 20715


