5000
30191 12875
10466 28606
23345 9697
7336 2291
8754 9205
17078 360
17699 9314
1328 25110
25288 6485
11801 31658
8250 24181
17810 18897
2917 18953
2405 6000
8361 13232
26105 4187
26 5784
15479 3803
6094 23371
32574 22815
23173 14849
24163 16883
9226 8105
14590 25489
24378 1747
25927 26390
12520 32629
18815 10970
16968 15438
28668 21220
25407 25329
31111 22005
25808 25431
16033 13823
3871 31902
13982 15840
32724 27044
2380 5379
30866 9181
10929 16969
10592 22478
22340 4087
15055 23110
5779 8386
29605 32023
24583 1679
23684 22243
14908 22928
3984 16723
15858 30941
14015 7854
2129 29839
2449 13970
23151 4508
21477 548
23024 1311
5396 32067
22408 12595
20982 20451
19707 28188
29867 17820
7296 11522
1683 20782
4738 22204
20379 5665
13517 20594
17666 1625
15593 15647
20153 20115
20662 5975
7287 8861
8161 10919
23515 12681
366 30567
25988 11728
29548 20071
31593 23086
11099 4075
26280 507
6173 15837
3663 13890
15513 19688
2566 21329
8676 31106
4314 22719
31580 29338
7488 11599
24281 6972
4773 31003
9964 24647
11949 30759
21079 6743
10819 10776
11283 32178
15247 4330
18220 17454
4376 18910
7472 964
32068 6942
29662 16146
12717 3615
15213 28473
2679 20204
18440 6727
31372 7452
5444 28403
2377 10552
21328 26521
25933 13196
17526 32612
17297 8411
27321 2977
3939 21673
28616 2024
18171 3240
6856 25509
21215 30886
18323 22067
28792 23894
31344 3995
32396 27395
5180 4022
30541 2006
15203 26509
26352 23707
32118 32727
2936 10882
32556 26670
28695 6875
10116 28403
21145 14097
12216 16970
6270 9591
719 30538
1764 2295
29690 32061
3316 1393
3397 2103
28610 1091
24796 18598
18559 22195
309 24146
18047 21493
28368 96
28499 13975
28070 5717
22685 16875
26466 7518
5289 28955
31248 27183
26478 7051
8442 28169
30271 29792
30881 11839
30438 26114
15541 22909
14288 16228
4954 15850
15946 32335
13542 553
6271 11676
28551 8845
16363 28954
25143 22248
16665 21650
28699 23622
19025 10376
7399 4374
16214 16527
9874 5514
28423 13885
30111 25413
8494 9942
9508 2296
2849 24438
3347 23048
31894 9120
5306 31896
21378 15488
4370 30449
21302 5276
15650 302
4677 7558
24085 23049
28563 20889
2007 1191
26602 24219
1392 32116
1645 2330
26768 10901
1182 4494
13613 30116
29245 307
15794 18919
16599 17856
23130 20164
20464 5134
12691 6013
29063 25139
13261 4009
5198 24857
16308 15266
14615 31801
1364 17700
28601 16260
20753 28132
25479 29782
30089 1599
20516 21956
7043 13114
511 4348
9480 30174
3420 20974
13346 22171
26179 32481
24572 26608
9105 31377
30409 8113
25813 23721
7212 31771
27135 21646
18659 27965
29562 19847
9034 15981
29096 17311
21657 16078
13483 29605
17810 31138
20540 16903
16616 31155
24994 13952
12561 8419
16532 1332
25053 10201
9206 9576
31220 32264
27462 3574
23419 17112
325 24256
8800 32454
15765 29419
26257 30458
28827 29248
13382 11299
9687 16600
30551 29996
5648 1914
3246 10343
20542 22180
31755 28298
27795 29748
555 30208
14552 22488
13977 23975
23660 14877
11529 22776
20465 6656
3137 5017
16316 16523
356 16517
13747 26001
27915 30905
8479 19393
8805 31160
26691 29022
26001 7793
5232 21717
11438 26555
17763 19784
1892 25414
15421 8654
15310 13421
18437 3119
19642 18445
2195 1984
27986 19996
18133 15940
2567 23132
21525 26610
22863 11372
19163 15447
4397 16098
9886 24395
11411 15834
8479 27647
3534 13303
26723 23900
27017 18844
4522 12393
14377 13890
1117 6715
22654 9594
32727 19248
13092 25221
3824 21483
4164 3188
19284 22985
14611 8561
24393 29170
24050 26022
6557 105
24003 27582
13657 511
12904 18253
32141 18177
24893 27279
4105 492
19740 14780
7232 4065
25548 63
3250 11054
1272 29710
5505 22534
18938 15883
9137 29896
30002 10219
5035 15692
16203 21238
6723 18692
4103 29105
23617 6097
6587 28994
11005 27720
31785 26326
26387 18235
29289 24565
21508 29637
19405 30559
13673 27011
24141 5574
15791 22808
5733 21374
9845 20826
6750 21934
18272 16566
22662 10851
7076 9121
4074 29249
22806 18081
3547 3091
27656 16427
13297 67
30626 16395
10638 32700
5505 11530
1572 2012
23384 21297
9354 7303
29238 462
17027 16102
26953 14741
23862 6922
3402 1260
19341 27937
31028 26209
9867 22886
22953 25915
9541 23162
23094 20810
32341 20179
22189 28599
17127 1144
8445 12806
13267 26482
9817 4914
19656 30292
4447 4002
5260 10751
5919 7847
1289 24602
14719 4178
30091 11154
1550 4906
25716 6866
27043 24644
20476 25288
26430 16464
29268 4835
31317 2109
7021 9768
7293 8365
12365 26677
4660 11738
19586 17626
9459 10579
14758 20873
32028 24178
29082 12080
18946 811
25453 22032
14551 13221
29683 13160
17995 8213
10322 26184
3184 16543
24907 17341
11252 10475
22214 4505
22129 15912
26489 9031
29902 31586
22996 8480
20561 29163
29972 19311
8574 6738
19957 22658
3050 23124
31337 16873
10291 21045
4822 8890
26231 13473
23948 29729
1465 4716
20626 13395
22424 23593
22410 14349
22827 19560
15954 12639
31949 10619
17356 13160
3049 7756
30880 4546
21418 6099
27145 29448
5571 31709
12415 31965
28925 31803
3750 3596
16990 30388
21212 24377
5957 6645
26205 10856
23495 28784
6635 9393
22551 22675
30432 23991
28537 25600
31698 28543
25225 17188
16128 26074
25272 30796
29830 28541
32136 21428
19047 814
25189 16357
23002 7493
18349 31144
27159 16439
25832 9075
31751 1027
25018 15616
8447 29414
25188 20787
5206 7378
683 17646
15674 21335
17107 25953
14614 12737
13549 16476
64 895
8386 5969
4346 23067
6739 26733
3041 31506
32533 32569
15416 2023
31435 24783
12803 23863
31240 23857
8734 18009
6575 31923
25110 24406
4375 23683
7390 6955
7848 17924
23892 7455
30520 16234
10200 28238
26977 4490
4292 13240
15261 26742
18756 19708
10802 13928
5018 31557
16799 9273
8430 13750
5390 23373
14287 771
7724 9765
27687 21675
29128 15573
31805 18812
14284 26881
31371 9239
22477 8492
2465 2896
22602 4969
18897 21221
20011 638
9911 23913
4897 4042
27413 18339
19108 10285
20050 8933
30606 26833
9637 14968
1014 26968
21082 8675
17912 15296
23786 19685
22579 7622
12592 26252
14704 12415
13051 31487
22634 1947
5989 22960
8533 27531
5049 635
9566 27639
21703 25097
7298 7403
1604 31340
7247 8310
23604 22685
9601 25159
13 14624
8107 32180
11826 12603
11323 22811
24758 24877
15071 1190
28719 30745
31378 23602
18472 999
26096 8175
15579 7409
5982 626
8936 17181
7097 13227
5620 32541
14396 16698
16112 5633
18234 22503
12545 27938
20047 29557
30746 4535
2513 2351
25951 26696
27696 1125
9298 11656
19065 21025
21649 24877
9290 25046
5506 30586
30358 16387
319 11124
16755 11987
1723 16429
11598 2222
31778 14268
18803 31645
1227 29757
23684 21315
22438 27176
6066 18613
6870 31736
23845 25129
17406 28519
26338 368
16753 22913
1270 23927
3147 17070
730 18024
20246 4868
19135 12329
11205 19257
16245 5169
26484 12431
6840 7163
25774 16153
15123 12904
5267 32644
28395 6199
6565 22671
12817 21966
13125 23318
7622 14086
32110 16272
21139 8352
20679 19587
6076 7507
12674 31883
11545 22321
29482 6392
22543 18385
31288 22488
22365 4899
11096 3786
26457 17993
7191 17661
8213 6508
20592 20316
3819 15833
24183 19933
6753 24958
32463 12094
11210 12827
2382 12371
18761 22755
8371 31862
21583 8535
13435 6892
10678 11180
29173 24529
9424 4369
10875 3595
23909 17637
701 31465
18629 27727
19916 24884
4209 25380
5441 19613
31982 15419
5405 7821
6916 17974
26509 13775
20667 28498
6911 7175
31705 31344
2944 3315
6909 8362
25997 13817
12513 30818
25778 26696
18811 31142
23755 12928
32539 23021
5671 29196
4248 31752
16959 11077
24852 11163
6894 10701
17875 12750
11325 13803
17118 16813
25173 14267
28084 24027
22077 18401
12330 7828
6203 15088
28014 31141
21393 29957
26384 27786
26769 27065
5375 30633
9029 10961
21661 30225
10206 15923
29724 6769
23580 21532
3030 14075
5334 15984
1618 31115
6174 27409
9728 13946
12318 12378
9568 4976
32760 945
28008 3185
1049 26763
4955 616
30839 10078
25999 26616
616 8278
29808 22956
4263 24196
7411 72
31185 9595
4237 9027
22971 4592
16968 13965
18939 2523
3466 26534
29720 18933
12927 31474
32088 30767
8077 17882
11732 30158
5669 1309
24264 12348
3776 2709
2779 28525
5351 11185
20213 1197
5787 9588
23551 10417
12938 22756
16523 9722
28655 16404
15109 13474
11475 8813
26695 14428
11819 19550
20859 5658
18005 17487
20194 12354
8110 21779
197 22973
24168 13461
23047 20410
30828 29955
19942 13830
23552 10997
27402 3699
17171 19438
28251 9742
24169 28644
15427 22179
27836 3219
20704 3518
15870 13074
2086 8131
31104 23981
4673 2283
22692 22503
19692 27721
8784 20751
31748 6867
10564 32334
19005 26381
3357 27734
23611 14489
3899 27524
30743 6270
9788 31735
12042 18681
26812 25656
16870 14128
16410 25148
14884 21544
16496 6335
27086 1807
8673 25278
24845 26067
19682 19235
14202 11083
25572 23037
17792 5045
11315 29471
28438 15768
1680 21101
13988 7713
21840 28491
20870 30859
19634 5483
11816 2987
4793 3361
28639 6133
32200 13464
32699 20715
31798 19113
9381 14133
19178 24601
21303 27173
10173 30491
18823 16974
24688 11851
7575 44
30901 13759
19242 28445
31431 17768
21127 31056
4422 3457
16921 16997
4945 3853
22967 16851
30984 3976
28575 32346
26751 17395
15119 17112
1319 4155
16006 1173
1218 26005
6997 23582
19260 32119
17119 26239
24526 17922
21377 5479
22475 28948
35 5531
22383 27420
31397 23000
22577 20598
5227 27203
11548 16561
20714 20344
21518 12868
6106 3954
27534 22734
22086 13102
6572 14025
31948 6436
11914 31099
27280 20558
26088 1622
29042 27313
17546 15702
3533 27670
22107 7357
23916 8760
29103 886
13754 11864
15818 17852
7819 19859
194 10585
24610 29903
3573 6764
5096 23789
11581 15485
17107 32375
26921 4902
20604 13380
8282 11701
19056 24137
129 30389
31275 10205
22067 29232
14315 12261
32118 5118
15701 22134
19268 32310
6307 7543
31332 22839
5557 11402
11010 10146
15046 22662
3276 5164
16863 2883
27019 11556
9176 3152
13356 27148
23611 7682
19943 2654
7773 5159
27291 19292
18835 23472
31013 13792
3863 25141
3776 29579
6956 9420
32081 14786
19948 22003
24884 2590
14144 4045
7195 19136
13515 23320
31002 20549
23204 4359
9516 18179
4702 30975
21680 4038
17831 23536
15910 19925
16737 21692
31112 19686
1703 23691
12927 30424
247 21651
25696 5043
24179 14391
4942 123
20672 4926
9285 3178
21355 11109
9317 18800
22838 26057
16826 30996
18154 7900
29592 32736
19653 2122
25813 27936
25593 21356
10239 5972
11015 25839
7461 3168
3289 2425
7351 12404
15582 23962
2302 16635
2666 4170
30225 11618
9845 25504
638 14285
14252 27997
30119 30228
25397 1139
22493 23163
29133 18224
11294 32732
3132 7381
9805 18755
31159 6421
30381 17154
1020 13972
18140 32684
11535 3686
29191 15599
29882 21378
16608 29827
27288 11367
12504 13958
4354 19917
5372 2229
2194 721
8100 16666
2652 5324
11746 17903
2291 1043
15015 9360
9275 3311
6998 387
15986 20808
9419 3420
480 13101
24466 26027
7218 27766
14914 4202
6431 11571
12290 20286
4183 8625
13950 20388
5525 6836
7879 25694
2287 7816
11125 22892
23279 11561
32369 18123
21543 6498
19597 9022
2280 22021
17019 11295
15497 9497
21068 31933
19453 21928
30551 589
20977 23634
30470 11734
4659 26502
1549 5582
28473 6945
18506 12675
30796 18985
25482 18108
27128 19571
8823 12312
23605 29409
6139 25842
25007 6335
28263 27205
27794 11691
2558 26048
5013 16002
9736 262
5842 9673
16618 11285
23958 1548
20532 2355
20463 21986
8788 13247
25557 14823
11465 17611
10685 16396
22731 17604
12040 2925
14614 18226
11507 7067
23069 17172
17432 16518
26189 36
11320 23273
24821 10038
12393 2509
24495 12584
25831 88
14911 516
18126 18622
2249 26376
11211 28809
31734 24978
10437 23251
30316 13579
30751 21942
5694 20616
20653 15417
5921 31883
9153 31973
1715 30742
10558 21546
21634 26209
26723 3622
22242 3776
30150 12082
8124 24491
16701 8592
31841 7089
20668 27138
16314 29390
17238 18651
1299 22006
21120 5124
4328 7220
5193 30273
19053 6041
32250 15751
19374 7918
11693 26207
5520 8847
570 9076
17667 13645
20732 17271
11642 16741
13365 8634
27285 27954
17193 30601
2958 28584
3035 5545
3051 7284
13325 8228
23980 22102
30021 12809
6247 10587
19432 8947
18021 11767
25410 20002
4506 2921
19663 13376
22010 16147
11334 259
30858 16526
12341 28526
1304 1047
8331 15376
23604 4355
26458 21656
1696 14817
25402 23710
32655 7941
19709 12066
32068 17907
20829 12352
25728 3806
19953 7723
7980 14969
31493 31285
27042 6071
7118 11067
26441 28344
32698 15449
4336 17279
32094 26387
17330 6031
13970 24728
4027 17216
2356 912
13263 3326
7130 23183
30904 6222
21190 27081
25600 6117
12186 19916
30984 19873
15451 19304
1984 24658
9168 15382
9002 6319
12348 8494
455 26330
10779 26318
27229 4480
7804 13133
3550 7725
13947 14935
9249 1687
7803 2370
22285 2080
21954 19989
6525 20502
12391 4638
20018 8507
14826 21558
30052 29020
22583 27172
20724 30505
2216 593
13726 15186
22911 10020
24955 17276
18962 4089
6458 1436
3516 26763
13985 28743
16476 25470
30106 20508
29016 28865
17656 17357
13608 11073
5479 14939
12675 3424
4017 26203
8622 14891
24910 17742
2249 31531
2851 17096
18532 21211
15205 9307
5283 22049
14750 29189
16930 21757
17856 12090
29445 13179
24251 2743
17681 10287
13709 29730
23166 30356
12479 17725
2700 31786
30548 4622
21718 4949
26159 632
9938 7482
29531 8597
5019 15221
4210 11512
23600 21950
2360 22066
24807 20279
30564 26611
23572 9721
7309 11506
29229 13971
12988 19788
24410 31929
4112 10767
11400 13359
20841 30269
6099 21336
3790 17603
29116 11119
300 7998
30062 19949
7459 2658
29270 22103
31822 5254
16759 20073
1278 6364
26152 13221
12384 14264
25032 17795
31155 16494
13994 3663
24999 19229
4066 20093
31210 28787
4019 413
20360 31508
1400 1314
23417 27820
307 30668
17974 22471
28835 17064
30286 19250
748 22221
7247 9901
26393 25778
29441 5633
24861 7620
27713 21673
17691 28925
29338 26155
24896 21710
23025 16931
11982 26296
24197 13673
3375 12288
29352 9403
28653 32211
21663 26871
4003 29401
22412 28908
1775 30396
5249 19084
7988 26636
22794 194
26349 25680
14623 19363
3527 18478
12006 4879
18551 15508
27796 3434
12837 21924
21368 24379
18482 8724
5356 10262
6404 22485
20115 27769
14086 8179
2046 25364
25556 22073
14986 24838
11434 19138
4848 29607
1718 14959
30465 16854
20286 20267
9424 25494
17105 357
9081 30793
8286 2820
25305 14437
9437 14690
22867 12653
5249 23522
12828 24913
16982 30805
17175 27812
24652 28414
10607 22023
6108 26370
13870 8303
1029 26394
26749 23295
21319 18134
20954 3063
17499 29605
11529 13492
26144 26936
17689 1627
26539 31393
29429 30517
25560 10754
6402 13835
3091 17446
11047 17007
25310 9197
2823 24918
15444 26339
11704 29572
32634 3996
832 32658
13384 17366
11533 12359
13987 6759
5383 29221
26969 7759
18511 2045
15881 19763
4442 24913
9151 18970
28166 15489
7638 1693
28030 30987
27792 23082
27076 6968
6859 27657
12256 27909
7501 20241
27000 23788
20242 21488
29245 32381
1660 14444
1440 14990
7134 17539
3740 5880
21368 16284
17977 31904
30124 29006
19322 13238
20206 25148
20038 13629
8771 27064
14536 32293
23314 16273
4992 8768
8382 10787
25229 1469
16459 10040
27579 26668
32548 23591
7108 31318
30453 21149
17387 25083
5555 27811
20192 3940
17569 25761
20056 7461
6987 26341
9845 1826
10594 30299
8317 14835
16304 18976
29017 780
27446 32763
23586 23827
22376 27225
15606 30694
23011 20063
15107 226
4166 28566
21558 2530
9989 21735
15309 8846
10672 16975
14507 25152
7221 21264
7471 22823
23601 23525
23520 3721
27547 18280
12738 14339
12266 17156
4452 28344
28568 2508
31072 19557
22085 32734
21701 19862
28708 32075
16283 4243
29394 6611
27875 30788
20844 3848
27373 2579
6299 11678
29956 18126
32463 1079
18235 9926
5501 11961
14469 22686
9474 1303
1268 12773
32635 31560
30868 22969
27211 28576
2420 14382
12403 23838
27686 30293
105 479
12155 22290
7648 6404
7481 9345
19269 7344
19305 25717
15634 24770
26071 1006
13779 25108
23899 27340
17540 13647
9454 22000
3613 11982
3053 11872
9398 16015
16494 30737
20259 9501
15906 28647
5223 27907
2482 23385
16335 24492
16494 21788
22792 31967
24307 9798
4369 3804
17449 15439
4671 21908
1123 26903
6006 8284
24299 4175
2143 15404
24905 8024
3903 22402
17540 8042
31428 9126
852 20021
9040 14994
14193 17344
27142 31832
2869 5733
21172 31510
20651 20316
14450 25843
1359 21774
25947 20456
3091 25656
914 28091
17724 27994
3268 4815
13941 2496
22517 1927
16921 14791
32135 31557
30622 31112
4078 26509
25250 722
21038 25249
18325 13134
2139 2719
23175 19682
12572 28087
23409 26264
21491 13484
18299 8366
10860 24759
26684 32240
14265 610
32167 10837
9182 13631
7371 30020
30742 13259
5741 32621
12988 19011
21730 24064
10980 15126
10444 12136
5631 23552
4269 1086
9450 27121
19113 22568
22041 20311
20921 13029
23866 3537
17167 20320
17573 281
13540 24538
24391 15547
1791 19281
10579 4610
19736 23520
2887 21559
12342 30180
31264 8519
2873 16611
6412 7946
28257 21984
2246 28451
31987 16409
3960 26112
26392 16385
8156 21534
4312 7165
26445 32545
4389 6103
29621 4255
25814 24125
21537 32507
8257 5389
21998 20032
27978 11130
345 28408
24090 23466
7107 2590
28700 23310
6928 11067
32599 22323
29489 15083
14861 4144
10246 23165
27420 19250
10607 7098
6838 20467
25854 32142
19407 15095
26223 15083
10724 14617
5316 26567
29155 2047
25356 12421
23487 25088
14645 32282
14596 23319
27462 11365
1763 29456
15937 4939
12037 29183
16881 26544
25917 18874
1202 9966
25049 12558
27175 27424
21224 3004
5051 32489
12144 17612
9931 30405
29921 2864
26181 24576
3172 11748
8437 20876
25813 4935
1349 24375
18150 5084
23956 18230
28196 11301
23859 25158
19815 20476
23480 18265
17987 8270
25882 28530
26168 30129
226 3045
27619 23320
2302 26406
14513 30792
2958 10737
2345 7560
12642 4308
22538 20494
31795 3831
28987 17966
5673 22885
8381 16034
24304 29154
24915 26366
23729 17418
20463 18314
8868 23953
17592 15315
13338 11168
21905 32106
6899 16297
20605 24249
11974 19539
23370 10374
28338 11000
1116 19590
2857 1245
30397 9497
3096 27160
11811 22545
8092 26823
18010 32272
14818 16958
28126 2833
2170 28157
11685 17263
8743 9069
28608 32290
9895 20717
31717 19209
6033 5467
6710 64
9561 8888
3281 4340
26883 12655
6710 15092
14595 2208
19165 24720
27551 29414
24802 14522
31785 29722
6022 3720
3243 7759
28474 1862
21071 13136
18601 27422
27486 27102
3224 25311
29649 4280
16934 6505
21596 23765
25972 23644
15595 3422
69 12370
26892 10379
7332 24871
28591 25909
901 13355
15217 31832
12200 29374
24029 3519
30622 30801
23344 18749
23027 1077
7580 20224
11223 7194
30836 29176
32599 4426
16796 13664
24042 32666
24769 10919
4061 31374
11960 20593
19657 4961
1568 27175
30695 31857
29889 25597
11577 28548
29625 20466
7924 1838
9030 4438
846 19145
23571 7100
20764 676
575 7598
18517 12037
10645 25342
13169 22577
27536 22605
17012 57
31912 29104
21932 14940
10719 29034
16732 741
2577 7577
12013 24656
11032 11607
18705 12859
13533 1834
9432 6701
18738 14107
6682 27947
17755 29381
19220 19849
19906 12524
8859 3465
18403 19051
15317 30790
31531 29122
3930 32049
23936 1341
12946 15943
28801 2199
4033 31652
5586 9565
23672 13463
8641 24324
20939 30355
17435 26397
6152 7390
10853 4575
23624 15012
13035 29254
25607 6172
5452 11799
13138 29537
12711 29388
31587 26084
24969 8743
18307 2851
16314 30553
22109 9212
6798 24956
18584 10281
17669 24234
28807 24736
6979 28520
25007 19662
25833 20014
31811 17845
14615 31285
27907 12180
5498 27324
3299 26725
29577 30465
28252 21606
30816 13122
5309 17594
27873 4848
29080 23893
15861 12773
8526 25118
12011 22840
10086 764
18609 5077
3596 9128
21309 455
27777 31503
25459 26807
24503 31076
19913 22267
2623 19988
4815 17963
22811 7930
31824 32686
12692 19122
11473 14916
4989 21216
21980 23484
28560 15073
24202 7820
8273 32156
30890 12744
6782 3284
1591 23582
13081 31285
18505 21505
6701 15704
23634 23318
23238 29510
15863 22689
4836 3163
24380 27334
18049 9826
24897 13591
21412 13842
13231 16332
29074 29683
200 11354
2168 3087
1606 1790
23293 15249
30951 20109
10660 29992
26735 21816
11737 1131
4293 9829
4396 16573
26397 28671
9493 22445
3521 18528
2091 30903
27820 16750
28103 31166
1486 28018
29808 30269
12749 3090
23199 20334
17559 10933
32747 1093
2222 11525
21354 11717
28289 6513
2417 25748
15427 21919
7678 11911
10047 18946
2927 9770
8169 5098
350 31030
28532 9655
12744 30156
17724 8514
19445 3176
4269 2514
14040 19426
31141 6490
13003 2625
28374 26661
15814 15419
27330 11032
29976 23492
493 4608
9705 136
31167 8662
18316 10055
7444 26930
2676 31060
1467 25166
27681 22119
8776 5737
12225 8952
11577 7151
1045 25228
7880 7182
18212 16857
7581 2441
7048 15421
15558 8074
16735 16753
26806 13956
8119 2282
575 1483
26650 10793
146 2042
7777 21562
30514 8922
16071 20002
12462 9322
16503 17115
1205 20340
22782 1948
17370 8784
16857 29828
13812 161
14115 823
3105 7851
9334 22234
259 3678
5718 3215
24775 405
9327 13496
729 22522
31843 25399
9745 13189
763 15579
17527 10948
19733 23543
20602 2130
2289 3821
4644 1647
9498 16404
5870 7749
11425 18830
22046 6129
6532 17143
30637 14054
3808 15857
8487 31365
11787 2884
18461 18232
29181 12548
3324 3221
5350 16145
19966 23924
25571 7637
24040 24608
32357 2302
21133 29910
3270 11013
28156 10410
24462 9800
25657 26027
24625 28268
31150 1378
19608 3645
16192 16844
20064 16022
32167 19514
10672 25414
284 19364
11205 3476
5779 24322
21465 10793
21806 26910
4553 24733
1766 17196
10456 29013
24515 27422
28798 2312
5955 22898
6976 15639
31662 22147
8895 27040
19685 31060
17656 19567
23043 19969
11525 28861
6888 28820
22963 221
24953 28692
13121 27514
23761 26717
21372 23575
25885 15509
5640 17403
276 31841
21219 12614
6887 31936
30227 30114
16912 26572
13773 15116
11211 7187
3240 25296
25515 18097
14020 26202
20947 17701
11650 27140
17946 11941
27448 255
17657 11065
10139 320
12934 17931
17098 31358
28704 19822
13625 14558
29673 12849
20034 27398
19925 8115
26212 23275
16708 12674
30373 7463
1836 4886
16828 9256
9512 19783
30848 11507
11827 27167
12331 8218
6807 24762
11815 29429
11218 2744
15592 25438
20070 8124
16239 2859
26132 7226
19900 9682
17146 10071
14958 17507
26763 18982
5998 31784
10524 3506
30673 4079
12295 22350
14343 10235
6895 19103
21845 26158
18829 18114
26238 4670
7530 6130
13357 9709
19391 893
10965 488
17995 3768
22751 25923
24938 11990
15496 28747
58 2695
25045 13401
23636 12353
31456 6619
10 30532
15877 20535
25203 18838
24966 9348
19055 32731
858 5554
6043 5678
9446 11821
4975 24038
3259 32197
28178 29913
32606 18756
32155 28234
7820 24883
31502 23024
20787 6508
27043 31513
17582 3897
13244 19477
19442 9779
15334 32299
5210 20300
32121 21377
12646 14657
14085 4327
1473 15906
1893 9494
4961 1312
26195 1281
24305 12780
19288 24931
23675 12324
16221 13562
272 8488
18267 29465
28998 19714
7247 834
22209 1439
16094 6599
10926 2089
17993 30178
6905 12397
13710 19886
21167 11865
24645 7136
32065 12703
25027 11164
24726 22971
31459 8482
5180 24998
11946 16960
17792 1409
2849 19191
25789 7235
9322 18941
16352 3946
16344 27315
14434 23256
2354 30052
4419 2832
15535 26997
5394 3718
26689 7794
16274 30118
22349 25382
9573 21452
22862 1526
20718 27363
1831 25709
11881 13740
17684 11151
5699 28234
18723 1261
31311 20131
22963 21075
15305 2964
6682 5730
13522 20697
18048 602
25982 29796
18481 7628
9155 2788
30152 8574
1514 29871
10842 31981
10364 13396
8863 28526
29786 16063
3426 27584
15892 28330
31292 26387
32115 31195
19123 5205
5808 12870
9897 4404
12030 31790
1810 28379
4184 21185
18289 31960
31172 5697
19093 29131
24889 8769
24831 27954
22771 21908
17469 28257
21875 5896
4322 15995
21200 21224
1327 23445
27847 27008
26030 11225
6835 7110
28294 27840
27033 11017
16714 13814
10177 25438
1439 3040
30992 2299
24205 26270
21758 20996
26890 8907
24902 10866
32090 31210
21888 13336
7575 649
11874 16968
24077 838
28678 18707
29724 19604
651 22942
15612 13670
16708 10828
13125 17051
10554 14934
3161 4563
13471 32312
10409 30052
28495 5604
18938 9733
10382 17615
1816 26514
27350 22254
8192 25893
12728 23260
13435 5147
18817 13380
24206 29047
13331 2759
17693 4565
9126 23883
23426 20854
18137 22595
28200 1069
10802 13864
31479 14371
8118 21182
10669 526
26420 2700
25960 18861
24008 6379
19759 6628
2907 10057
12816 11197
15760 16236
7351 30507
18594 24886
14715 30777
31846 3963
17827 10148
24517 9879
31059 16537
17063 32634
2567 8961
27820 10714
17094 28527
2386 19060
29117 4084
15281 5291
21528 9164
6904 31039
23159 28879
26887 25498
29459 5105
15251 25965
3075 14519
31054 7001
6868 1368
10329 15351
26063 9435
5193 5381
24439 10390
14475 7580
12871 20789
29953 29754
28027 1630
30507 4090
29586 18417
23522 24628
17824 26277
8027 6004
13005 20899
22267 6315
21664 19872
29305 32595
5209 14960
25351 1732
9312 29648
17668 7057
4042 22181
23812 14852
18940 32067
17717 21552
13411 15757
9267 8470
14472 31235
19368 17295
23608 27478
14581 8866
8694 12505
27465 11119
12851 13901
10782 20047
27102 22163
11576 28448
10533 31143
30443 2619
24169 29473
12462 15392
23860 4814
3280 21729
6255 5566
277 22646
31513 29863
9601 14858
25977 7438
21340 4298
24343 6060
28221 32120
27802 18679
17055 7030
9649 5568
2273 14729
30121 1052
5864 14735
3695 21215
26781 9144
31789 9951
7045 27056
9145 30533
5204 16647
20943 2353
8413 26544
25898 12519
31196 3868
10896 20933
26499 15482
30212 20546
21596 28770
10736 27566
16012 27458
3833 14432
24381 10024
4313 2855
621 31426
15304 13456
15810 5824
32368 3478
15998 24221
28089 25497
13663 14427
29910 6217
26761 7394
3395 27353
22152 15590
10279 14132
28562 5396
15420 14112
16968 20176
18833 19732
421 17587
23411 1369
4847 16231
7684 23011
15741 20845
2504 3004
9221 29403
4030 32412
26998 3215
18803 7425
21555 16381
21775 29082
10428 17350
4757 4429
24159 27394
12214 23589
24958 24580
8043 2857
25868 29805
17882 15727
18731 8842
5478 20386
20029 27951
31166 9506
16930 14258
30637 17201
13514 5718
23067 19646
24073 23940
18567 27822
18644 15465
7278 30780
870 10833
7872 15319
31046 26736
2811 25754
13371 17009
12193 8290
17794 633
14889 10590
27789 1957
7676 12759
32405 8537
32477 30741
25794 23709
6407 18276
16287 11672
22503 13684
29003 17157
11126 30375
23360 27281
11523 13935
22223 3962
4593 23716
1537 7251
9208 19482
32242 29327
5097 16882
14854 31878
22819 4805
23079 7882
19552 29226
10143 6599
23754 9288
6897 6378
892 2111
16047 30255
1451 12415
3362 5503
12752 6044
25527 4899
1457 21961
6074 25000
24109 6552
11358 20929
28811 14161
10619 1668
8268 15596
24884 20760
27138 32022
1367 31779
29268 28028
7674 17412
22915 30717
3994 11036
15934 2899
24860 29519
21750 17391
23942 30934
19094 13091
27252 2531
4199 15138
30734 5102
25863 12467
11721 22850
21862 20232
15494 13086
30498 18361
16309 23168
1436 20644
23543 20302
17052 17370
1992 15634
13800 6036
19127 25934
28463 127
15266 13610
18713 32663
12361 13231
3312 11807
32039 24082
4401 25173
10767 14764
5166 2130
22775 27075
14610 6602
23970 13549
29184 31662
4929 25960
19126 10217
10344 24054
4898 14822
14718 25608
6071 23609
2647 27080
18395 9383
1789 1919
16684 22795
24923 12555
6863 21848
28450 14931
28481 21471
20366 19651
12844 24896
2346 25294
16581 31970
14026 12688
5528 21477
12319 28744
23057 11599
20980 14964
16882 8684
31477 22768
2556 799
22645 23633
5796 9417
30888 18328
5212 1508
26404 18485
11010 18054
17258 28748
8667 27592
16302 31284
27261 14195
25794 28620
10817 17550
26232 14006
4007 27699
28496 24940
15806 6563
15978 18374
3933 21600
23106 14097
32580 9143
27198 16741
12722 10824
5647 11689
10206 21390
2816 21949
17800 4698
22246 28609
9848 28618
23548 15711
7884 13855
20416 19278
4883 23689
12520 3625
17722 8815
17958 2860
19599 17533
28357 12387
24074 32322
20943 1235
23185 1513
6210 23759
19599 8218
4067 28456
11399 29447
10535 27614
14123 19281
10201 30949
1807 19006
27819 22722
25580 19527
4294 13011
25396 12412
11965 32649
1118 16704
18215 139
23897 24301
32517 24425
20113 10729
7410 3818
31430 31510
18024 17943
16126 12786
31790 28226
18179 17933
4694 26843
7085 10992
23404 8986
8868 32481
16418 2601
2740 9986
1518 1865
26288 26637
4600 1269
5085 13634
12375 12010
29953 3748
16534 30400
25857 13310
31242 15557
9631 11269
22261 3167
12153 16716
16429 12896
15497 21021
31006 80
1943 18238
12106 32524
1024 28232
9099 16706
28714 6109
9857 21473
19106 25899
6442 26389
9178 12194
23463 4917
8084 18809
2759 12955
25849 20235
8488 19188
19266 8580
26816 6725
6482 21210
16675 6153
22860 7507
13614 25772
14478 18807
11937 23472
17094 815
13009 18380
23295 26272
12313 3703
16656 31378
18844 15072
1491 9739
18317 27332
1290 20755
9196 12364
18517 7771
15276 25869
18873 8608
27414 28890
19593 582
1398 6584
24964 3921
30191 14405
18107 15491
14100 9737
24807 1996
11733 177
27510 26296
14285 30048
9645 28800
3802 23479
16582 28161
4002 19078
15202 2686
3268 31416
5234 2028
5947 4666
19070 30196
12918 3370
13107 4410
6404 27018
27196 5146
31442 18136
15417 21939
17970 12958
3671 25061
20455 21773
8082 20251
22937 24455
23105 23282
25309 26205
30870 28337
25764 31256
1859 17171
21579 5916
167 14965
20111 27983
13350 27363
16533 18784
31743 28768
21062 1735
23506 2645
22896 8748
436 31588
22102 13064
6502 23539
19107 14644
13131 4603
21774 12105
18021 14989
29954 10586
5801 18188
12783 17296
3313 19151
15150 29314
31047 2287
4932 3443
12191 21786
20606 27828
8125 12626
3396 9939
24583 14626
19227 22504
1840 4947
19934 8235
18819 19861
5280 17119
1648 24620
11003 18061
14607 4960
7247 26153
29595 12887
1905 12180
7239 9017
21641 22509
32448 15363
29987 25038
14773 24264
29209 16447
24682 16611
3705 16377
727 10733
2586 8983
27043 2374
7334 13587
6972 8883
21768 14579
26757 3800
12817 23673
13413 1228
16591 1692
26728 13094
4591 13811
30258 8734
25345 1032
17407 22172
138 29048
5262 18134
20508 2722
16310 32305
8419 27840
9651 23280
27080 30188
21092 3641
4867 7130
8822 1739
14833 21458
2500 2783
11515 19423
20453 32757
22162 4091
372 5093
23225 22298
25018 5635
5171 10965
6038 8561
31841 13591
11010 15689
19329 26152
516 32102
1072 24196
12886 9336
12118 15906
2560 15386
15376 23633
27723 23013
28104 4769
27065 28095
961 18562
29527 19317
27878 6131
19722 2797
18484 26951
20334 30730
30065 5046
29241 20850
30185 31138
14275 9360
24744 9536
400 16833
7077 7352
12119 28121
23450 2414
20974 6418
25735 24409
30538 17733
20530 20844
15026 17491
15454 6247
11292 2594
23442 12753
11122 7764
17122 20860
30394 25395
9461 9097
16449 30793
26147 16538
18950 28569
2220 16828
8469 7157
24890 27955
16032 6240
23732 12651
18897 31059
884 6419
19170 30187
5184 24326
12418 30290
22916 22304
31401 10045
8069 32377
16146 15082
10884 1448
18276 2327
9485 13102
8288 26743
217 1606
14256 24318
22608 23947
30364 386
30571 23492
15052 16766
14289 2988
25290 27470
4746 4437
4047 23924
6239 12814
14262 20192
22519 17121
30223 32538
26515 32002
840 5742
30061 26730
17908 15096
15480 19902
10628 15505
32269 13284
16270 25678
20381 13790
18227 8793
32715 25125
5172 22274
9697 6188
23307 19434
19204 32215
31450 20762
26504 12950
6913 32290
14619 23798
10934 24821
7557 30099
10614 21562
14471 7060
20850 26884
2910 2085
27208 6310
28582 2859
9045 32381
19046 5511
4959 32352
20347 5483
18433 3642
3164 14083
5114 25344
17396 17781
15114 16048
4841 24952
32012 25726
19844 19312
21395 20093
26401 22754
25611 15835
15449 22216
27725 1889
1473 1726
7210 32684
3560 21818
3134 25641
18217 6722
24503 8249
24295 2846
27798 6848
32575 29135
15678 27041
14365 19652
9639 4305
20140 7999
30214 2484
4371 2822
4546 25172
25090 5844
27663 11756
4629 28648
2603 30797
6277 22846
25690 27106
1188 30573
26939 20720
14994 996
20646 9850
14155 29360
4590 30283
0 1528
4348 2037
27208 4370
10212 8895
20649 19531
15410 5108
3137 25278
15355 18013
12350 9414
7218 8279
28997 13536
14530 1390
11239 11222
7815 2409
32693 25394
26923 12404
14441 32691
4294 31269
7397 8882
28411 14507
19613 28045
20556 11054
29065 22748
32163 3143
11420 8647
22183 6612
8001 7650
18872 3947
6354 19240
11867 26686
6323 6280
6205 6021
4524 20762
29643 10497
25002 11919
7197 25285
3571 11847
1828 27752
30893 32636
8514 1222
7835 9546
17194 30698
1876 15836
2309 3299
29983 8230
14509 14174
20196 3537
24300 20712
31209 24718
3868 21174
13692 23443
2523 11064
6047 17261
17131 4351
5574 4173
13719 25645
23574 13407
29243 30911
1443 25450
912 31550
12957 31427
2197 15421
3366 384
25100 26495
14900 1806
25249 28969
7266 28591
13085 27770
32122 13313
17484 30214
23091 4927
18334 31201
29345 13898
6580 14808
13591 30788
29446 7490
22911 26546
26931 31642
25368 26275
28081 19264
15464 7502
3326 20562
15565 22730
3274 16409
13857 14920
19845 20756
19190 4181
18079 5412
20220 15768
13788 24657
32147 1042
27589 10467
9340 22291
15797 21753
8248 1942
9442 11112
31674 23713
13674 12766
29175 14472
29391 16947
4936 10265
14444 16469
21880 24127
7128 32524
24412 9333
10374 20916
31382 23793
13315 5196
26949 7955
9895 29113
7456 2428
26141 19335
32101 6361
20831 7049
23996 28508
6004 17455
1156 28932
20292 20449
20206 23034
32365 27419
15568 11849
2873 9972
15168 14181
22137 16189
12533 9348
11777 32030
18599 19987
26348 5151
12198 17931
13672 14412
31866 3425
32356 19677
7359 255
23289 19879
14531 27563
6643 22887
93 30098
11512 9517
25704 15259
24608 880
142 5470
25457 3618
8767 18741
3903 19036
681 20964
24389 17576
4484 32547
33 23978
11089 11841
6635 23320
13439 25620
22949 13278
22793 13530
28789 1695
2573 15730
21200 20630
24246 2715
21454 13888
157 245
21209 25358
10165 839
617 12829
4039 14649
26488 651
23969 15128
7979 354
13632 4641
18171 30929
32622 3659
19389 14192
2053 2428
5142 7821
21707 26300
26543 26596
19187 21865
22702 14985
27812 29350
11232 23317
23968 31851
14212 4951
5305 15169
19810 22190
20352 18936
22595 5213
19403 20205
22631 9215
17034 21456
14987 27773
21601 5975
27838 8763
23748 8021
4605 17773
8321 18792
17876 15835
20785 32288
14690 32087
21510 26090
12259 1731
6944 9093
29298 2085
11299 26347
15035 19162
14169 28333
1539 30022
6019 3003
11022 29377
14381 29765
15790 15625
31459 22703
22224 900
218 19477
12798 4147
5878 21728
30821 25058
27141 12821
6399 27352
13745 5673
1240 21434
18690 27912
30915 2779
32157 24707
21705 9169
24792 13769
3705 4727
5625 23482
10192 25929
30074 5843
27571 22991
15280 3184
16003 25623
20206 9654
15328 22402
11068 1184
29097 16566
19343 29758
21696 27243
3643 18731
32501 10634
15361 28436
19151 3439
29367 20986
26827 29342
19564 26672
29854 21629
14485 2075
11727 13090
2724 1922
3107 27055
10852 13792
10781 32202
26676 30196
16158 32477
10344 30320
25987 15892
19330 25704
13921 12369
8944 15928
9833 7980
29609 28506
30581 6919
20009 11328
13248 9542
3828 22733
3758 16355
15788 14679
12106 14537
14247 9698
7249 28264
11390 24590
17525 469
12838 30720
13879 31446
6659 21781
17520 23710
30629 3500
14826 15333
24875 17872
7836 28074
11661 28701
10613 11593
26130 27449
4378 22719
18215 7611
32199 11627
12094 29605
27556 16957
15636 24933
13947 8668
32376 22294
25794 31465
14031 30239
15342 7853
3158 6137
2072 23176
2002 14819
9502 12683
2634 28131
2973 13880
25506 20849
17685 2405
19362 4833
29764 12472
21138 2229
24521 10944
9643 20747
18219 17548
25399 23672
29810 792
23969 28558
10610 31880
11796 25969
21333 20110
1222 14428
2510 24304
26709 26726
31559 20193
32665 13304
15534 28557
6732 21036
9015 7288
24835 16373
7279 27232
28025 17465
13254 4322
3435 19225
12427 23863
11204 15229
29658 992
25296 12426
6385 32166
19591 19239
32541 5176
964 19489
7757 15308
22595 7696
24070 16772
11237 14661
32124 31347
2900 6493
25718 12612
3706 6333
21562 5379
6371 14910
27335 18451
17849 31665
18137 951
6127 4673
24160 17912
451 7091
14786 31917
15920 23044
4938 6089
4667 27156
882 4296
16906 7567
13900 26601
31978 20612
2753 2693
21145 5580
4478 30088
31038 6227
10898 22614
7757 4398
11488 2291
1440 8208
31251 26274
32361 17358
11745 3422
7716 4261
11828 12628
6460 24622
12465 25726
28419 5669
11247 15217
12536 16797
23022 15723
5570 10807
15204 1151
3441 13325
21534 26692
20197 4879
22237 20016
23438 19791
24050 1216
13842 31153
23006 3111
28835 20300
25969 2705
17920 24487
8518 4447
20170 30456
8497 31538
32690 25739
6297 23701
17624 3364
8243 27829
15078 5054
24843 30478
31692 5748
4134 16126
19235 12765
298 27140
29843 15303
7023 26265
30712 14996
12686 15539
14311 18114
11086 21181
12115 14232
17596 17383
12446 29737
2024 25837
23546 27522
503 26867
10224 22472
2470 4637
31778 29459
11993 2767
29032 28854
11082 19016
1787 26976
12323 23768
12182 16098
30330 23409
8025 24295
21265 15157
8225 20469
15225 23287
17385 31771
21474 15728
20364 27609
24299 23943
26710 19375
15460 3525
22539 22975
17182 26542
17541 24326
7655 29505
20147 29723
21249 5216
20373 28171
15873 9747
267 28596
27599 31096
14058 17652
12492 16306
7482 1655
21028 4024
7547 1423
24397 3719
30262 30085
21644 8812
5551 15034
11991 29300
1749 25698
21102 473
10219 22121
17950 4207
2536 10484
28135 12780
29087 16592
18245 7860
11883 3800
5224 6504
10224 19428
16746 29619
5664 7717
22751 5624
2155 11215
4145 1973
2445 3904
26023 25245
29450 12664
23148 11207
23985 31987
15810 18516
26375 20305
24104 1287
7791 5491
24919 29326
26178 18015
25732 8897
14521 31842
10289 15717
17688 16676
20578 14434
6910 20133
30 13835
25040 3594
2812 23177
8924 16258
3795 18622
19909 2532
8021 27899
24456 27701
12947 172
9069 17867
16940 5913
21628 23588
7495 27227
8892 6549
26683 28073
9139 15803
19397 26711
17119 1412
17669 22209
8062 26042
28572 21464
16594 27970
22902 3827
3997 8283
26148 3082
8993 13064
3883 10321
4780 30621
4402 11378
6682 13672
29475 31083
25025 15822
17232 16103
5543 9376
2651 2134
23598 13606
8809 31223
2281 7425
15708 31709
2024 6276
19338 9087
19409 11018
8870 23221
1830 24187
5092 13270
11586 8513
24335 1799
17902 3843
13219 8800
10933 23446
4283 15870
14324 1764
9188 13090
12032 16606
22880 24894
1215 14056
25072 9452
32673 20622
12042 1176
14444 1737
10248 17134
18933 26029
29872 1816
10614 4069
27513 10322
26190 21545
23310 31796
12117 7747
24351 32496
24623 24149
5438 14465
23917 25838
13693 30509
31683 23821
25556 25735
10101 13360
6622 3037
4851 29034
334 3725
14047 15466
4242 27845
26874 7470
15218 27552
27281 6224
30371 6802
21265 19136
12207 3041
783 12413
3468 25901
18867 32466
13057 29024
32062 28968
25234 19680
23405 4146
19610 25568
20647 4686
12156 23853
18636 14752
20975 27372
1406 13149
32285 18579
21618 22671
2318 11725
4857 22401
22098 5784
2041 23723
19922 2389
22067 1334
5479 12389
5189 12705
17389 25087
16171 25834
7819 29544
24147 2041
15188 28792
14603 25553
15456 14706
26429 3454
25854 17772
23556 31285
22239 15185
17574 25595
26930 9394
21784 6872
19578 32407
24727 26971
20038 4198
973 8130
10169 27857
23881 25121
17905 25357
7294 5717
9169 594
18366 954
32237 2256
17442 9153
1982 21709
31104 2247
9120 28910
28548 20119
14323 28696
125 20506
28636 1594
29449 1099
26218 6038
31393 20563
26278 11356
11949 5920
6873 2681
4935 30313
6700 6343
28053 22375
24623 8680
4821 26388
13740 974
29670 602
21108 28061
29653 29795
30892 16976
23014 26335
14130 24343
2931 21639
27557 7639
10318 14878
12424 1663
8007 15254
4862 19122
27800 3291
29679 29483
30457 32621
454 10650
5944 27358
24385 21561
5770 2828
29163 22510
14085 28782
17654 10524
18162 17014
31892 12445
14106 28480
10965 11547
30670 22111
25402 15826
12542 25703
25556 22312
195 10231
4822 26010
14804 6137
8963 29207
18949 20572
16588 5358
15882 267
17279 1473
13916 1277
29756 16404
27951 28023
17365 7954
23780 25852
18787 10001
32311 3554
13785 11576
4817 32505
5873 18607
15048 19620
7423 14837
20195 1228
1495 24011
25483 3308
4586 18772
2409 6632
1886 1573
9527 30358
23442 19252
29251 539
4093 9462
21036 28793
28531 17878
3718 25851
12704 1636
16473 18764
19992 20126
11370 3899
7207 21485
7490 4084
10717 11791
13364 9897
7487 12601
31851 22890
23429 30929
7622 28333
24360 27520
12631 28658
21740 20122
21758 16347
2345 1676
21802 5464
9363 22335
11052 405
4490 16569
28360 18542
28438 15205
27804 8958
31848 3158
1318 26889
22455 22508
17261 8940
4829 14046
1402 29890
13470 26569
28245 23160
28623 15813
5382 17280
17684 5217
21786 16434
2207 22172
4608 17380
26336 30643
1032 32412
26532 25417
15156 2350
11288 16221
30265 32415
29538 16117
9918 31667
22059 10241
26053 5394
22675 17915
23130 31435
15100 7590
29762 12150
29528 17305
15182 1601
1246 23097
15745 16212
18563 27779
11231 30899
30547 29849
13198 8729
7628 27318
4792 23116
28508 29687
14833 30843
29511 18416
26004 5196
17344 11842
29146 22997
24598 14103
4433 11559
27771 25843
20853 20176
18308 13565
10648 32084
8044 16088
10639 23844
14191 15670
12590 15430
13506 9932
28347 27421
32616 10249
22089 21584
11815 17191
31295 18468
30027 3644
29487 2959
23136 25030
5828 17573
16888 8677
24764 16474
7551 24931
7834 2636
18064 21742
31675 20423
15077 31569
9051 27255
16070 14926
32116 31138
16840 27883
31528 30644
836 14098
6361 28246
13053 23970
32648 12188
28662 29939
22101 24643
27279 3445
25187 29936
17590 12575
11377 24093
18579 32667
14825 20426
18797 1883
29766 14174
12049 2868
16967 28525
24005 12885
4089 23326
2745 4289
1459 3968
28611 31406
2084 23561
20728 23121
2929 27269
18596 5551
5449 14304
1961 4406
6289 20274
1679 20759
23627 3287
31810 13728
26612 7825
31150 23048
27335 30699
1900 1128
32532 28795
19589 30509
20863 1849
29119 7548
13099 23791
5326 14946
19352 18548
6054 7288
28045 25640
28925 7733
21460 18905
26729 27968
18248 15305
13235 25110
26238 12816
8844 15133
12875 26004
27851 28431
3212 969
24758 24201
6378 16309
2091 30085
4604 25729
18600 8145
15876 32649
18785 14758
9957 4567
19870 12747
5090 28203
8253 338
15471 31327
24562 17095
12758 28344
29314 19644
11079 15970
32278 21305
18621 17457
10419 1602
9745 23223
23105 29019
11008 25619
30187 9124
21869 20964
16400 17290
17627 26958
25516 24651
8978 331
28676 17309
4186 21736
4937 25221
13759 15263
32719 4448
6048 32379
22835 10371
6622 15793
8646 13172
22296 17628
5823 6064
23352 11396
5587 22224
14106 8212
8544 31101
15643 23084
12051 4451
29672 19830
2324 16989
21435 10662
10274 2276
12646 27484
10510 341
13513 19266
4127 19154
25216 3040
14436 9949
32171 15802
24014 20022
18356 13510
3826 32556
4240 1231
21059 15877
97 1145
11808 23383
25660 21533
16250 22080
22421 5539
24803 26758
13144 3165
6205 28930
6110 5593
21393 20642
7895 5514
19025 12641
12428 26249
27478 22849
5959 16669
17812 15770
6385 6057
27588 29618
18932 32045
4815 11071
5060 8584
11750 29616
25779 18204
23796 17953
5826 31888
4635 12422
25061 13721
7202 23658
13740 4723
21390 1913
17684 19700
25755 6435
3287 24069
23345 20576
31645 22217
30801 28158
25007 3938
22141 9782
27736 18017
17138 13170
25590 795
14515 21772
12663 17885
22606 21717
23628 26404
13337 11229
17664 8545
32612 6323
26897 20949
10399 23188
18577 25775
29711 8432
18212 10815
28833 19085
32253 13181
13975 13202
2207 25077
10193 28488
17436 14871
8506 32
11259 8297
16841 21843
28164 28921
17104 16684
7106 22294
15302 27501
3166 25681
3730 12244
31330 21379
1791 32561
12996 30816
23124 15764
11485 15202
30071 550
580 28919
4450 5810
27651 11839
7994 21289
5206 23048
12573 25096
19830 12310
5225 27873
7350 22995
11605 8953
8747 5913
3961 13394
29159 21741
4174 27085
27636 7875
4028 1478
7286 28214
7285 8476
29765 2170
25216 15279
7606 2202
14513 5020
126 27434
17662 19736
28689 7475
13388 29265
9893 4667
26408 17347
11666 6283
14156 30583
32059 6533
1978 18182
26658 6579
8747 9263
24540 23654
25855 1195
6215 32146
26814 7601
27335 6340
13815 11707
8204 23257
27922 27201
11782 18097
24378 21563
19377 23446
29977 5767
23950 18668
25245 31955
8452 17839
8725 1223
2418 225
32370 1813
9412 8632
14970 26417
5355 3980
27235 28785
23217 13557
31654 22390
11184 2232
25676 23263
29031 30560
16461 22886
22075 20212
5282 8937
10160 30525
30750 14007
15818 12577
21207 30353
24001 25230
29210 3410
32195 29355
10145 23678
13299 22645
24876 9031
32294 24484
22277 17783
7903 28556
15999 5969
14906 29976
27734 21280
2520 25066
4874 25715
23300 18337
10800 26081
29491 14532
11120 7242
30918 28917
18794 21264
30293 11451
3166 10901
28684 29818
25608 25441
31410 3820
1027 8838
30118 13549
5846 28761
21708 32637
18207 10721
4033 12241
26773 29005
3480 758
29675 5125
26389 1630
13081 15702
26603 23915
20966 16245
8919 22519
26339 13805
22642 7562
21109 27365
23357 19993
19861 26953
4907 12298
24537 5299
1538 8941
9697 18544
23667 5016
6646 6603
22306 17289
8435 19725
3203 16140
5890 29399
10438 12120
19682 32230
26826 311
20304 8022
2209 17416
29715 7397
12696 7114
16053 21485
7260 14232
19247 25750
32354 30927
15447 25891
12850 21891
5262 23880
20513 16051
28170 11153
10614 30949
31260 15085
23106 4673
22089 18795
26192 25315
32429 19035
7752 6120
20350 15714
8697 15010
13169 6830
32722 8282
30171 28614
19728 12803
28852 2667
13818 7472
5654 24255
6572 24430
29101 4145
22938 29678
22226 18421
4688 16364
22482 21886
4833 12440
27450 10065
16894 13529
21811 7850
3698 16849
29650 19216
21881 23424
30896 25735
17224 2930
27358 3781
7926 23794
20705 23692
9346 30864
14459 10164
32048 14034
26472 4172
14236 4115
17644 21154
29004 31130
15210 6686
25900 32702
23359 12093
5059 15012
17942 21486
25267 22283
13308 12531
3456 424
31289 1246
11408 12801
26833 12979
17150 10690
14803 20539
8926 31386
29749 32447
6364 5161
5095 12190
24283 32263
14508 28452
17172 29342
18857 32449
12213 9670
10095 32165
645 15668
28469 8615
21594 12051
22741 22535
10305 5975
4594 4777
4455 19229
24391 1574
13764 10818
10314 29486
25169 5280
1854 24822
24504 9574
19245 20709
20107 3949
19617 29338
5186 20750
35 15317
5085 26778
32754 22774
27552 15389
1851 4579
6154 32005
10056 26242
22959 19918
25197 20368
12424 15362
24934 27051
14993 4159
8106 11410
7981 2331
23080 27723
10273 13165
7177 23115
13120 15357
30746 7162
11741 7905
7142 32597
26071 17895
5045 17196
4798 16263
31623 30242
24524 17220
21379 23789
2430 6748
9079 29486
24440 10412
23575 32159
22505 1947
17302 30750
5145 2859
10762 15281
15109 16885
2013 17904
2332 8413
24675 7056
4531 7130
24348 23529
14551 29055
3036 12958
9677 16980
27392 12114
11506 1349
3294 18198
16182 1243
4102 20596
3108 21325
5443 14864
0 18217
26629 7455
14511 2330
9458 18535
9297 19041
15329 1039
13997 23847
8060 18364
30476 23673
25022 2683
20881 9213
10456 28314
16143 4294
25620 14558
29421 19249
4699 31063
5751 29419
31749 31326
17094 20261
6535 8440
9477 26390
17470 21862
7457 23474
14378 25528
28209 5166
14380 6633
2180 16323
20618 24836
6626 18321
4803 13469
11765 3278
32695 9501
8060 17515
5009 31675
7348 25153
18776 11542
637 16823
7528 3477
29003 8095
13261 21907
28538 24445
7999 27639
19707 30717
16269 28617
9317 26331
29607 21073
30572 21083
5829 29535
28443 5863
31016 10838
22380 3022
19845 17023
20498 23015
31110 27373
16511 16734
8412 11603
6473 12283
10231 16412
12260 26180
19744 26500
14804 21578
9892 16584
13350 12609
18473 15721
26557 9026
12048 16720
977 16170
6418 31891
26496 21473
5441 4760
16361 10238
22521 13851
30263 22834
16248 32750
26484 9755
31331 3223
19806 8521
21129 8456
24175 389
9416 6835
23555 17965
1366 21462
20585 24530
13237 7782
12542 14312
24550 18676
32527 28903
18969 14303
14286 30022
7008 2450
5673 8001
16523 5572
14026 25477
25867 4885
11718 5434
23397 2514
23974 2504
27033 24763
32543 11792
26104 7503
26177 12319
8453 17888
32189 25937
23192 27422
29870 13708
21710 30198
3003 2775
28252 5464
10347 17027
22459 21352
23864 22065
24567 13089
5083 15072
26864 18833
26334 4860
17177 20200
5319 19744
12913 25630
20284 4741
18447 3336
768 17387
20160 7388
12852 3771
20797 15646
4229 23197
12495 10489
23579 28094
10399 4294
23127 28662
753 4494
24692 16693
3670 17930
10792 30011
1983 16583
19918 31076
15694 20431
27817 20686
24455 3088
18732 7903
31100 12485
22975 22961
18286 10827
15121 13785
9680 28685
411 5479
22172 10432
28362 25101
22346 25841
9655 6387
4694 24327
11989 29573
17492 20387
23473 7040
14941 9179
21664 9438
32397 13272
24099 11872
25655 17917
13833 6451
11931 2569
12999 14242
6577 1334
27175 8594
14980 28921
20479 4064
868 19672
7292 32469
6740 18361
27538 30765
7434 21681
2186 16435
28306 7063
24978 26284
32733 21194
23761 6042
20285 11897
13230 3993
12586 26860
23014 7638
11700 27566
14471 10726
10426 12569
30928 21762
19758 17164
6076 25699
9367 27191
1487 8261
1778 4904
26097 26465
32507 1744
13640 17091
21083 20023
14116 26868
1739 902
28466 4361
15086 13438
26007 10168
31930 25510
9908 24166
17098 18922
13344 15984
24245 26463
31366 14831
8527 26021
27764 24696
9020 8267
28289 8635
2736 30101
31003 9638
13998 4473
17909 26700
4102 29084
21827 11149
2546 3263
22183 31733
14951 19644
13339 2760
17591 6427
32447 11938
3867 26118
1617 27444
3310 12885
10220 29904
6775 6044
10517 8454
2388 20771
17088 28427
6807 6488
9751 6147
5113 9354
28996 31935
1928 20062
26488 9566
21504 19518
12867 26168
20843 25369
5488 14484
11621 24153
30195 15706
24160 18395
6397 7945
3603 26546
267 23484
29631 10409
19761 10019
9185 1975
22038 15988
25555 11113
30629 15759
9158 14292
6895 10730
25212 30001
21385 12381
28087 4065
22458 18813
26756 19480
13260 28855
19572 30358
7998 13527
23544 16434
18410 27759
10980 32729
11074 7679
23438 3768
18059 8934
19664 32594
29828 24952
4566 12108
16171 18444
4488 32653
19364 5860
1948 31242
28833 32622
13381 21519
5184 4064
31821 4158
4119 23594
31273 10035
13801 15193
24125 21942
21767 31860
24045 11023
23129 18828
4503 28609
28495 6533
12393 8991
7465 15091
14946 14339
3089 3531
7594 28327
32484 8274
31866 6648
16681 3836
19027 30371
19544 30481
29572 10385
21406 8545
27371 20851
16691 11768
18299 31875
8097 12420
27511 30690
12261 15562
19092 9690
5249 15350
23622 26684
563 4966
8802 22722
20326 17245
14959 27827
5445 7103
15648 11764
32613 26850
5849 10253
9359 16538
28956 24147
22070 17454
250 23698
619 1562
16913 19340
13257 5868
10834 7766
30488 13820
31063 19634
14692 18045
25147 13253
25016 20136
14219 8028
18279 24862
8631 20066
11446 27636
12324 4820
28516 748
2310 12572
31912 29136
2237 19221
26988 12400
26218 13070
32702 24707
9986 24515
5001 14628
1995 2366
10392 30017
22111 16212
3511 28670
23539 30740
2794 14958
15706 3094
15666 31308
27677 18014
4469 14811
27209 29915
10216 31457
23397 20661
12407 10149
24775 614
2980 17408
14657 26770
10215 13371
9274 3999
1972 13725
28683 44
3139 4764
3306 11620
29634 18805
848 30983
28129 1334
24 28057
15949 5578
15728 23420
24034 28356
12996 7736
1738 27015
7619 27651
31650 11953
25678 16891
16935 853
5618 21592
443 20072
6111 8924
7140 30078
31412 6957
2245 2501
8079 31435
22088 18195
13782 23805
31540 13355
7601 26776
21660 511
12462 15218
32107 20541
21395 5372
26964 16276
3581 27013
3168 27406
24715 9690
16647 10306
12807 23358
22026 18893
4319 20885
11923 11345
24699 18101
12111 10694
11205 32300
14750 1002
21542 23666
29038 14090
30364 10170
4414 23233
17872 1177
10867 7582
17888 9820
412 27515
13639 30694
18812 22436
1015 17958
3290 30735
8661 25714
25245 15399
16402 19864
10763 7228
21317 5175
15343 7032
30264 18914
20091 19757
27337 15369
25188 30957
25705 12456
10383 25598
15267 6575
24531 29193
27160 16280
9225 27821
10454 3054
22918 1704
8930 26854
32027 913
7945 30247
16393 14603
1591 5442
20810 3717
1907 28928
8615 13229
6058 27610
1416 18997
15423 21325
4837 25947
21002 9816
12870 14062
15764 31454
25539 3020
3933 24695
22173 24799
6635 11878
17319 5799
9517 8226
4385 5360
18589 11422
6264 13000
31995 24647
13203 7680
861 14652
24468 18038
32101 21861
20548 4570
7590 15096
7024 13320
5352 11523
23399 29198
2230 11985
20211 7949
13307 11745
23166 24596
4827 31894
23772 29430
4343 4056
18706 4209
22245 5202
27063 10405
14975 21577
3907 14844
28162 22563
1317 10931
7360 745
12730 24715
32664 9589
21332 172
24766 13203
12330 11731
8394 29592
881 3336
7543 12736
17938 19585
29990 29788
18599 12235
27077 12197
1993 22506
668 22471
23214 3309
28024 8029
17618 3178
3348 27919
8355 6183
17913 28115
24938 20686
24022 26307
6274 25819
12635 31565
28584 24213
3679 9858
22053 14416
4153 30754
20456 24047
27356 4822
12849 10904
14080 22611
17763 30467
3881 17428
12774 26119
14038 21794
15333 4945
30762 5291
4087 21605
13049 10630
20487 32671
14319 16728
14714 9773
1051 18472
23292 2403
13305 28405
18249 3374
1072 27385
12045 3246
29363 4952
26744 24819
29763 10634
15923 9310
30914 27756
5618 20010
19912 11196
27923 26105
3109 1464
19935 9870
12271 4159
32562 10458
13833 25577
20195 18045
21289 14905
19857 32240
24291 17885
28517 13835
23143 21285
16274 11673
31681 21288
32485 21892
15228 18824
20287 27641
4744 18336
22495 7453
17911 17013
9823 22290
7566 31744
13881 30017
29488 28855
13971 969
14802 21012
9528 9721
21392 5177
26465 25803
14928 20304
6362 26183
21055 30157
15726 26649
1335 25797
10044 5452
27740 19244
18222 19865
17115 2540
31393 32101
301 13837
2080 12596
22315 15102
20279 11609
4643 10939
31243 13975
7390 19571
16959 4836
31483 28445
21476 32683
5366 49
19294 31518
18616 340
2878 4747
4081 2963
16798 1502
14098 4380
19482 18876
30483 3647
14586 6992
20966 2359
21929 13060
17897 28356
24032 6121
6036 16613
16663 12739
11490 11402
11740 3188
7935 30105
301 14618
16119 12014
16394 17099
3208 30217
1095 3110
10100 925
3282 15679
28740 31066
26653 25211
31331 13868
30479 17919
30656 4600
16000 14373
17561 9380
6716 27741
9590 25496
4743 7017
24114 25709
23158 21136
24246 27320
28243 24253
7166 1577
32642 31526
23970 3137
17003 26528
11678 22532
27132 14715
29089 9568
18946 10366
5338 13881
6611 25660
32677 14928
7871 11352
32488 24022
18573 31029
22513 23965
25541 14050
12807 29677
47 25416
19177 4008
26541 17050
31764 30854
7653 20906
31270 28084
9198 26599
19492 3841
18770 15807
27160 19400
10653 26639
24901 26879
18076 29226
10507 14645
11556 10850
3499 23314
27323 11601
28650 22674
20761 21097
9236 27647
22964 28412
22244 7740
11579 32160
15201 8967
28365 30349
24221 9592
3704 6249
2709 16353
30997 21780
32628 13216
3764 9786
21387 3360
26035 31087
19417 17268
12148 14027
9673 28651
3622 2343
1735 31915
8114 15202
12782 16936
26526 3710
9960 4235
20586 30230
19242 12669
25883 18816
28600 19103
22462 29645
27965 17219
1720 15728
29755 14613
10496 13867
16208 6659
5806 14116
29316 17943
2110 13920
17628 9332
13565 28636
26100 27588
7488 1384
20199 12573
31674 605
30250 16032
484 21369
4330 25447
7291 2203
16070 1317
7974 17785
31902 32278
17453 13778
27696 28451
5014 19563
15433 12558
7379 18579
19962 8764
21337 14868
15471 7394
23424 20242
8843 12954
5632 23907
26110 13171
14488 12924
30709 9413
8922 22461
3472 29842
25527 26375
13170 31167
10958 30541
16352 28603
4600 18335
436 3547
10939 25935
13410 15907
28860 1594
25501 22253
2656 1725
14647 18844
28255 17142
6836 12588
9663 4409
30782 10307
8707 2421
194 11185
7021 19663
5231 16546
20091 11619
4787 5666
21571 31028
32622 18196
7680 17664
19388 25355
11432 10336
27479 1266
13852 6919
11326 1546
11851 23514
25933 9341
20525 20556
7452 26127
9904 27544
6397 12682
18348 29993
28254 11182
29378 7152
24815 28108
20696 4290
14624 11434
12698 32126
6276 9336
10881 26551
17296 17602
26942 22732
10522 10462
3823 14698
9475 17974
30654 13725
10952 15872
27053 16235
23386 6437
1776 23662
27952 15432
26866 22472
21830 9810
19144 6797
579 28106
12940 30025
19991 17875
28336 7113
21811 30513
15718 32157
13115 31286
14390 13606
29839 24065
30501 8676
32336 20458
3123 32277
21983 27522
4563 29987
4016 11046
6383 23707
20966 4593
22469 19323
26436 8188
5932 18036
17426 15480
13998 21650
2487 30539
21838 28388
4295 32327
20016 19572
19082 3864
31384 23138
20358 8296
19340 3180
26886 24374
28968 25724
12280 15083
23271 18668
3937 5948
21428 29203
18084 21361
19133 2657
31043 20570
20130 8204
27774 2571
6434 7377
30515 14088
22384 5051
8230 18107
9712 8958
1915 2349
17430 5911
24577 14193
20141 7934
4368 28512
17106 8801
11458 22450
10253 3473
11675 9735
12304 30381
4992 6683
20771 18738
23788 2740
20845 10386
19344 32016
1596 30556
3700 21257
2684 19026
26960 28276
24021 22825
31624 31326
21009 8361
11832 10316
20049 31261
28875 23505
30188 32353
18325 1098
3837 18190
28575 9344
8593 24682
22469 15152
3641 10189
29213 26168
21677 6325
29148 23404
21963 12929
21290 28004
5553 10203
8697 353
23859 25602
25188 4804
5902 21278
6700 10744
20086 9739
1653 2508
17658 28677
6097 24122
17523 21297
27622 2543
25947 6431
19361 24002
19239 15141
25345 7882
8234 24790
17623 1273
6077 32093
20602 10042
20785 11980
21719 27302
29808 8104
4015 23372
14726 14698
3228 10110
12654 32247
5912 30849
22082 5832
20974 25271
384 8554
575 13552
14823 8618
7944 18198
28240 20901
114 28545
23080 16258
24361 21831
12435 20120
2051 28374
5717 27159
26639 5277
3359 18371
24204 32549
25051 25441
1226 12409
25959 25436
1287 1801
19997 8015
28916 9230
5008 15471
31727 29028
18091 28088
15439 23319
18926 30524
24916 17490
22768 24644
10246 18786
18569 26125
18800 1681
14090 10853
3522 20026
21826 7282
15296 4810
14038 9056
24525 11443
7703 19046
14365 23484
14036 25794
23549 29805
14526 196
24838 15698
1717 4525
30651 2317
3997 20284
31138 16682
3941 18087
25368 1891
6699 25765
2055 7895
19338 20737
7016 26580
17297 27041
20066 21380
18418 31332
31528 10848
26544 175
4701 23597
25914 28262
15777 2583
19265 29911
15230 14148
16038 23204
16203 7829
15724 22735
10704 18258
12069 2293
29333 17718
6331 29365
27930 16632
27479 24749
24923 26689
17519 21256
16749 29624
32207 10664
7807 32527
13906 18703
9140 23037
30864 29944
19911 25341
10830 13819
16112 30615
15566 22898
19496 12678
29309 21898
13878 14659
8579 24021
12510 6034
2889 26098
3995 29258
29018 2327
21030 11802
2070 10157
7333 30169
22743 165
13984 27244
25092 805
23703 30095
10006 7891
29787 10432
25089 6546
30567 10899
16931 901
26997 10309
6800 19821
22148 30992
10026 3049
13206 10410
7812 12096
12260 20539
15016 30553
31358 26244
