1000
16337 8223
11660 8157
29165 32151
954 24858
12533 28516
27140 29622
20505 30299
7948 5524
24935 1362
27221 29346
25430 19719
21151 23881
31330 31830
2960 26155
30528 539
8762 17935
26093 14096
13480 20421
12510 22489
18238 14433
11288 25043
22575 12609
18133 31791
386 30521
27101 10300
30019 27605
18720 19764
18825 18401
11789 17281
17820 21785
6952 9551
23645 26581
14233 278
22765 4359
18792 26743
19017 8234
20843 30078
29103 8824
6578 6207
16507 29487
24326 910
20672 13757
32158 10277
27556 6730
28514 11179
20728 12609
6421 2699
2975 11606
15963 20654
14628 25740
1207 1986
32065 879
9703 22050
28255 28399
25117 16279
17188 11996
25753 16674
26949 5093
11824 25143
3555 21738
1579 7569
10268 24281
3120 8000
28655 13241
6214 19084
21070 10514
11393 7419
29467 20366
15996 21094
4605 24955
4182 8347
25021 21793
26886 29934
22310 19204
8173 5941
13510 25863
17375 9752
17751 23776
4248 20495
6810 13637
24151 10462
17879 27879
15478 2778
23870 14577
6764 31473
7053 28475
17501 10946
8113 32072
18507 11619
17558 30421
23515 26681
3664 31069
22076 8123
28617 21415
2285 26325
4018 2660
30537 26437
29213 21896
3706 13247
11953 20316
16023 10470
21415 19004
18307 755
12374 29526
27179 4048
30727 29933
28233 17925
26049 1622
23038 17540
11096 21897
24555 25321
18989 15115
4242 22326
2806 15435
2983 7946
18415 14759
994 19004
19759 7063
3822 19301
23347 32132
29296 30999
16158 21305
22928 24760
9533 9438
31335 13197
5751 20628
2974 23123
12682 24741
7407 7216
15162 15486
30243 10388
29392 810
7873 31237
17772 16383
15748 11694
9924 8350
29656 12275
4268 26082
2753 19815
245 13799
1660 1321
24443 5994
30733 4634
11848 4356
19843 5372
15760 27011
27821 17319
15790 12384
28767 2926
14618 793
9143 11746
24021 24540
17856 6030
25845 28287
9319 20609
21929 26090
32083 10978
15610 13605
17961 30049
2654 27459
21703 5037
22355 18413
30797 16755
19679 5378
6169 26797
5774 1528
26069 15310
21341 29795
25315 11156
31765 14417
7741 1865
12843 20925
1763 7055
4337 28454
23144 19723
24758 6990
25403 12078
28831 14346
19722 23431
17459 15744
17270 25889
8433 23233
20261 10570
21726 29772
11422 12807
14672 20723
8881 19161
26216 27514
23199 10643
30364 30552
4775 13576
25654 22355
3933 30176
20840 21716
4693 23653
16776 5532
28763 21962
32532 25207
22210 16257
29062 21490
9446 865
20027 10965
5712 18327
28968 13474
11259 28909
9718 26565
16152 16032
13439 2603
24318 20085
10969 1510
7040 29011
18204 27743
20181 3036
19291 17968
6691 9624
10490 15586
26552 16137
1695 30515
11222 32264
28405 30664
24462 22482
5747 5354
7956 7847
27930 19185
20695 32274
28516 6133
1109 27736
30772 13954
31922 21289
30913 17297
116 5844
21981 8636
6384 26666
26162 23674
21571 17607
7320 21800
27154 13265
21112 13065
32250 2343
1850 16274
22407 20179
15148 30367
11552 23514
12036 13151
30446 10705
16549 10183
18817 30561
24460 5761
29435 25202
10040 17855
6886 18238
31503 17360
30425 1274
3615 19846
3353 29907
17319 5464
3062 25760
16506 32465
12847 14614
25317 28540
5954 10527
8321 9099
14858 24772
17205 14
17868 11524
29762 27245
11836 24754
26026 28496
15576 9492
6632 29642
2339 18929
11921 23949
23647 5399
20013 28425
24198 3728
14255 12561
21658 30153
22156 22574
22586 3749
15273 6592
1070 7685
32440 12267
7996 12904
22396 25697
22570 23572
9733 29027
20209 24907
30306 21654
17312 11090
14816 17550
30111 8741
6125 29069
18874 19002
22751 28279
2104 8693
16379 5256
17521 3172
16076 16050
8978 25517
16321 5704
1964 31549
23689 26054
14939 22171
492 21229
6012 32249
8221 15308
11608 3355
22357 14347
9859 30482
6409 12340
17594 11962
15134 22786
6067 2348
27863 31209
4146 15045
13827 11417
4702 6108
28277 4748
25977 19639
19121 28770
11309 31987
2573 27343
8921 22918
20633 24931
4504 18778
30740 27040
17057 22098
24444 13106
11548 23124
5403 19540
30958 15692
21798 19228
23976 2891
22531 17308
13311 17184
16403 8885
3459 24621
14770 18976
11138 12378
31157 2636
29675 15642
4971 29128
9467 13965
4323 29415
16189 21015
3938 9724
28950 14378
17269 25736
10276 20158
4573 7033
15917 23587
15439 20974
7184 19374
31753 30209
77 18320
1194 30143
26504 29752
10950 6165
2812 3203
24216 15271
24993 18999
608 28155
21122 21175
8566 17877
24909 31398
22217 13137
1345 8057
27431 4889
2330 8527
26847 26417
23791 2407
32157 28041
1438 17527
20730 10340
25610 4250
23247 12179
7565 17836
6244 23855
8963 28686
27317 14808
27946 1105
9162 16765
21653 29289
5049 3825
30242 23983
26388 31896
27169 21267
6027 25778
3349 28607
88 26755
6165 28959
14027 23333
14421 13731
9648 20269
2311 23384
24488 4198
20964 30255
26775 881
4706 9850
1064 31824
30951 2182
23447 27452
20461 25353
21191 29472
23460 23810
20003 21277
11843 29623
10587 1263
21532 26262
16880 20235
24432 23841
21327 8601
9482 12627
22475 15335
14392 14187
16369 23539
18222 12575
5159 7047
3752 5916
29726 26349
14859 27210
24066 16960
18223 26701
20196 1885
22118 6987
30828 4309
12908 13781
26408 19387
1955 22389
3809 16114
6884 16346
28919 20176
27221 25106
31020 1311
27660 30973
25414 27978
12171 9751
3685 16713
18596 30395
4613 23881
28189 7948
21727 2672
22059 8328
30715 15369
31483 24013
7592 1755
21929 5601
30705 3744
5053 16383
14589 28957
24168 32712
9696 7234
23946 3572
1198 13379
4493 9775
17721 5811
8484 32680
8242 6682
22049 30541
21787 6188
7944 20763
26364 29377
354 29873
13490 24301
20491 5406
5351 28077
2545 11892
15462 15047
28426 26491
3497 16661
22470 150
64 21219
27899 30952
28727 8304
14492 17181
5177 17747
14358 22436
19541 31540
23074 14710
20116 264
28341 10796
22686 25467
7745 30884
24606 5381
22042 3402
3553 28104
16556 11744
9929 3615
11919 11688
28867 5889
23635 26409
16077 1277
50 5224
19932 2851
3113 23122
1151 7282
32747 31454
29570 23835
29217 7724
11126 21409
16746 18490
30234 14677
18292 533
12219 7397
13284 30209
23850 8319
9597 4152
9374 7160
10009 9645
32766 29307
3820 13122
11807 1148
24984 3800
11522 8610
30018 21434
7157 22649
4557 13997
14529 4623
12020 22848
20290 26748
2301 25302
29453 11371
18529 11896
21539 6060
2598 28538
8893 21538
22685 6418
10217 20699
29309 14902
3567 21739
11619 26558
7789 10724
15345 16177
6258 22318
16297 27363
19899 26546
5151 18596
30492 16583
22643 23680
19450 19263
8034 25240
31658 28343
16273 30719
12852 9108
30846 12816
6605 16419
27142 9698
25873 14394
3943 9720
4317 32131
25909 20239
6068 24214
8030 31060
21971 3794
23055 30671
23144 8652
4227 31089
29040 22036
31142 20500
547 9123
25543 29219
6151 7153
21547 19918
29636 32022
31387 25489
12961 1186
25398 24529
22820 19029
22821 661
31331 12022
20675 13109
11430 21708
10975 24902
12635 7701
16824 9349
5801 13183
20334 9598
29514 11950
11206 9112
1834 26384
27568 9824
1584 14793
1054 20200
20859 24402
3657 23873
4214 19423
8365 24330
16463 15642
23343 19338
28687 29097
9511 7398
16995 1720
13670 29845
6190 13742
7359 24874
1931 8023
22816 2161
22359 3513
27915 23868
14975 10451
29873 31571
23134 19189
2064 5469
24807 6829
3159 25405
34 20726
22446 12670
9748 17029
30770 3347
28222 15936
23959 5362
7521 30151
898 14007
5108 29878
7561 28811
27615 20083
6505 4667
10136 17981
24810 8567
1203 2174
22900 27967
7870 1238
18265 12577
15925 17616
785 16268
21629 11378
8762 24743
5983 29148
26260 9658
5703 11091
31173 1054
5719 549
18528 4909
13477 15855
18027 10571
5771 14680
15916 8159
20736 13639
31253 1415
17681 3892
15270 32039
24013 6543
2923 24031
920 29996
8318 29183
30235 6621
7171 6724
11634 3187
19040 25699
3502 25111
7022 4300
12457 9271
22911 22939
24352 427
4319 21395
20665 9264
15806 19588
10852 11911
9140 18729
15145 11772
18394 17457
24181 12611
15798 25563
18495 3048
28157 2069
6369 21995
31267 2413
25350 18825
19252 21409
10037 16933
26197 23569
10390 30703
9847 9236
27965 21240
244 18986
3676 10341
22952 18638
11432 27857
30904 5981
8050 29925
19154 26294
28705 14418
476 17654
6294 21288
5452 19726
10528 16331
14265 31650
8117 20917
9388 24111
10330 3316
13655 9632
28268 14004
9092 3839
9820 6933
4092 7229
757 17869
32287 23244
8129 29462
17982 32761
19720 14423
30752 23434
22315 30246
18396 12249
3593 30433
980 27783
4648 13923
27925 14635
18472 148
7079 4250
11480 28291
13393 11169
1646 12235
8930 12911
12905 9775
24196 26910
17578 32625
30102 22180
1662 7124
4790 15730
10746 5255
19176 5770
20404 15392
15540 14334
18582 6109
1633 22620
1022 30062
9530 15024
27935 2667
12440 18459
12602 8073
7929 3868
26048 30178
4534 5265
20995 27708
194 9324
15095 31739
14364 19370
935 2730
8839 29903
19756 19517
16811 10471
25495 20776
23441 26339
12031 20662
28733 3115
6981 24632
22041 3896
9159 262
27970 26575
3131 30152
29122 28164
14765 18226
20954 10719
7855 15698
2446 29791
7495 27609
15617 19257
12828 222
20884 6289
9404 24859
16722 16850
20744 16383
16645 5995
32570 29901
27284 11846
7241 2934
21158 23639
1592 22004
4935 9343
6368 9445
4288 7380
26635 13861
14083 19903
26192 6696
31554 2198
19047 2828
19211 15509
21502 7024
4157 3088
14932 21306
24238 31441
22314 22172
11409 12628
21971 23906
582 16343
23723 28337
9432 4868
24771 17591
24288 23515
25712 18195
21023 23073
5815 11992
19014 7465
10551 27316
15855 23171
21846 25484
14889 7324
19950 11393
2530 26298
9872 9153
4723 3112
7981 828
18418 14155
4904 32750
18178 9937
243 30614
9839 6432
13896 6056
605 28853
19258 24447
17164 16458
23783 8335
19728 32051
25581 10964
20117 22256
25366 2686
3515 24841
6229 578
562 21931
31868 11131
8978 18738
25169 32111
5398 18817
14902 6296
30743 6004
22462 1393
9726 15139
14423 13476
24441 29452
18941 7235
9922 11789
3863 11538
12117 13435
2599 10091
21222 12679
31415 1698
1040 30199
16247 23815
30111 6438
12440 31149
32540 28086
10458 2136
15610 9499
6184 24879
32115 7282
19072 25123
3895 9268
22703 22933
257 16012
28689 25300
26998 21480
18912 27335
18384 28038
1707 2392
773 15728
11045 14148
16282 546
10046 21503
13614 31890
6406 16228
8585 12960
22228 25476
15642 12478
28490 12164
4697 15900
4613 24410
18978 31693
26962 23523
25913 4593
20320 28669
10048 26686
27233 31365
20102 26330
25454 4510
20736 947
13907 31858
24567 29319
9030 3368
15530 7442
23342 4751
29161 20225
19151 27953
18707 15371
19964 13346
9246 11852
5771 7515
6114 19295
12856 235
4743 26214
27161 5541
4632 25480
22032 8299
11667 29199
3873 31061
3045 27197
14655 27213
22398 32205
14807 1037
14381 8338
20188 2002
9518 23627
10153 25960
26193 15632
9077 23008
28549 30937
23648 3469
11768 415
29614 12911
11203 23435
17863 718
27932 14247
13683 32518
786 17563
25899 28490
30492 15167
6025 13321
6512 7241
22871 16179
6418 32705
30873 31948
2650 2200
2615 21752
1895 14418
5084 32228
179 13098
27345 22947
22696 28109
12905 8261
3982 23482
5882 6036
19357 1708
8947 11908
28085 25869
25805 31819
30998 1736
3936 23912
12895 882
15298 6550
6009 14790
27889 20383
10561 6186
1529 22467
30727 491
23973 14432
20468 1942
3648 29856
8995 7058
158 12596
11646 4313
6047 25964
17107 9877
10757 9981
16531 30002
12026 26056
13670 22538
28725 7146
29611 24231
24720 30252
11917 27571
29514 15927
13016 32386
6675 393
12989 22011
26322 6834
29 24635
1744 32369
9583 17136
14371 12501
5788 26113
15884 26395
774 19456
10919 11840
9325 30386
25188 2872
18799 21243
20860 21933
22327 31813
21055 27535
1600 2547
27183 14608
14210 1629
18765 28925
8657 23792
17138 368
26761 14446
1133 253
12094 27534
25151 12052
14923 21419
9893 17572
6739 953
32765 30753
25520 29066
31613 21051
2893 27120
28748 26027
22183 17101
8126 14746
15112 30841
12518 25262
