6000
371 25379
18625 32429
26624 28259
26450 22900
20755 18803
648 14769
20715 1145
31531 30204
12049 367
18089 27530
9776 28096
18997 14765
6296 1554
13833 12285
11666 7020
32400 3407
3069 12037
7527 18256
8389 29691
15728 1210
15979 29142
30287 16376
13814 3925
4291 29049
23812 25863
21190 22378
4376 820
2374 7418
19703 10672
17692 16207
19612 31367
10635 17323
2812 22680
19602 18162
19370 11199
7575 2563
18938 2581
6504 5093
1376 32750
25844 10795
406 25186
26004 14267
21684 4780
15450 28378
11817 8620
7219 374
17697 31427
21340 17854
3248 20508
31705 8176
10737 22616
25195 6513
11605 29673
29656 31700
9726 12979
5398 22733
4232 10131
14911 31401
27012 25916
1767 30360
30734 6060
4721 8986
26839 15662
3403 26059
1466 30085
19934 2342
8853 12204
9108 12361
11294 20458
668 5998
28729 21020
31151 6065
4699 192
26106 13294
10887 31711
5003 27874
4091 8854
24516 9724
3014 30928
28244 27918
30258 4481
16683 15410
27771 6342
26799 25791
31787 6298
27316 27467
765 27750
27940 25699
6226 5464
4407 21280
16385 17111
25963 9410
19132 20474
18634 17710
12861 22144
26625 14111
29521 10350
16691 10539
3564 24525
30821 10723
5423 2582
30330 25369
18301 6187
11649 25504
14017 24525
8869 16056
25464 30400
18107 2065
19775 11827
1203 3974
18084 32635
10216 27828
5599 14838
6595 26907
4863 9161
11743 4647
30016 10285
16470 9307
2044 15548
7306 28119
11407 16059
13692 16173
18236 4104
15930 31797
3003 5243
5111 17133
12192 21087
3156 15325
9466 17791
26950 9749
14397 14327
24610 5927
15232 11644
27193 8313
3664 17276
566 1730
17904 15071
19173 14256
13284 3371
8614 2336
19467 16287
4605 13723
29049 31660
16682 7762
17511 5746
20071 10864
16791 31906
10784 11915
20226 32023
16530 5210
6938 23888
6192 17094
31350 24842
28212 25366
27700 11867
28153 4059
17781 14399
13290 32758
7751 14063
19807 29970
8067 25261
24400 7111
19024 24858
24112 2417
7625 6482
30370 7873
24967 14564
6637 3794
29158 23548
2649 2082
6140 24089
5721 30800
30791 23921
5215 19011
16213 5774
31035 25022
32131 24280
16370 22668
25086 18387
24867 7715
15587 32709
14506 22468
26262 7785
31334 21144
23224 22651
13974 1214
32014 29364
20518 19693
5938 30038
3043 25733
17986 22151
13662 1311
23980 17349
2967 30032
4979 16297
16239 27832
17533 20566
28351 30744
19119 11027
911 26918
28132 9576
6174 14885
1810 27377
24647 26690
19655 7748
29897 27690
29002 4874
22221 10790
8056 20213
3741 25186
20251 13035
832 19980
17955 5018
16045 29181
23331 4307
13884 16954
31838 18694
13305 20058
13979 881
8627 5185
108 867
5742 5755
16545 29108
16554 27961
20381 24601
4867 20295
7507 7865
12883 5697
2112 25460
29768 28926
13114 25443
11370 10885
30941 12185
13066 24673
29858 12153
13019 21693
27448 29965
26304 18761
13953 11224
3059 10090
30385 1567
9431 7924
13620 5123
30584 22312
18472 15732
8406 27583
5699 31584
11002 19774
11681 3871
16022 24066
12990 8770
5966 29041
15033 7669
18893 32271
9594 28987
30552 21950
29873 7210
12332 7216
29529 10726
26458 10147
4963 15234
14049 2095
21869 10662
14531 25051
16348 781
9552 30553
26828 29338
4240 15516
15020 9092
5312 23131
12315 24612
31821 3098
10312 9421
20147 11386
21533 7074
22306 13836
15931 26494
4387 3588
28637 5033
5813 18918
16702 12218
8787 15365
30881 10761
19854 13025
3390 13133
4978 25164
28260 15705
25124 4032
15416 5806
12878 12502
26338 4180
30674 2416
6002 9500
14531 2294
21210 1873
14089 20344
2942 5146
15905 22875
3133 1055
14188 2992
28157 6523
22226 19164
23195 23650
29454 14581
27083 5844
10025 9566
11982 20652
30152 7930
10225 17982
19853 11917
32261 31433
3810 1174
24049 2435
3488 19716
22706 27182
937 17674
4071 18096
8978 23161
4976 27266
342 5665
15231 32057
19941 10365
18295 27211
12425 17326
29241 28518
27185 32278
685 28734
31167 30993
17942 24732
19148 1888
19562 7882
25976 20083
10475 23631
18129 2187
7851 15449
14740 18471
28836 23080
17523 1914
19238 14364
10116 29948
29459 15711
11678 4532
2758 30143
22108 10078
11964 20699
28579 8487
28568 31526
22388 21786
23974 6277
21726 7750
26221 31823
22136 3697
5609 22288
3884 6892
4071 24846
7790 13998
18528 764
30905 19468
29544 21284
9216 20246
28732 8741
7498 5026
26813 24533
30808 29886
4870 18018
17074 19766
23463 31089
20609 6443
13334 29071
21148 24493
5722 17405
18167 28938
15637 24250
12767 16305
3783 12414
21153 21982
27008 32513
24279 28649
25768 21054
6303 22319
9318 30636
28957 23377
29819 12
29083 16799
8523 10384
27789 17462
13633 14245
5726 13190
29493 29268
8913 18493
7706 507
253 30066
25948 1948
23000 24531
14083 18948
16815 29304
19912 23401
23411 13005
29802 16964
27348 19728
4423 5558
19801 22369
2790 18055
14556 25527
11252 32283
22 23470
20767 18958
20904 275
24804 13947
126 11138
7673 6118
29517 16941
29945 27585
11781 20162
7121 26980
32537 6362
28729 11544
29597 19571
12330 31519
31034 11385
2086 23582
9771 31056
31329 22853
4031 30676
9047 23367
29483 4157
21097 16720
11536 26234
13629 18275
12486 23317
29678 20750
32292 12256
31826 25640
24393 29123
7741 11389
2202 22660
20949 9825
32678 11971
9880 19509
10107 3941
8096 18925
2876 6824
291 29191
14697 14413
4961 13920
1901 27184
6671 1872
27513 1426
30547 5730
17117 19139
9030 5519
15344 19317
31289 29977
16719 15254
19195 8402
27326 26827
884 27289
23714 30200
11844 1173
15093 5644
61 16806
18678 16994
18418 6731
12461 13424
32561 16199
21718 29579
16129 8822
6032 4296
19548 14649
23050 22750
16810 5976
498 17609
15042 17692
18865 24210
29855 26885
10924 1189
18181 29914
3878 29602
10258 3830
20029 16338
13148 10050
18873 8979
13273 29275
11158 24903
14886 54
6030 1441
19048 31694
16617 6526
30737 1321
28206 2713
3902 27823
24970 6363
3197 22081
25912 28847
12418 13455
23505 13172
22151 25566
22074 9611
1746 2657
2709 465
1904 16632
15560 8739
15264 20952
22274 32177
2122 13232
8288 17713
24075 6022
28104 489
29336 27272
7960 21247
1650 8985
1784 31463
8306 23802
26457 23857
24320 10052
26684 29167
5137 26225
14408 9475
8884 20399
864 3915
21627 11006
17028 9150
9640 12935
7438 12363
843 6207
15193 15398
14094 2494
26294 16975
8065 22400
32450 19982
16380 32384
25842 26368
3074 21518
9148 7481
11395 11958
22962 10013
19163 255
13188 7224
19585 28801
2242 20626
3255 20429
22921 17435
1643 17347
6979 16446
3661 9707
9324 6662
263 20042
8791 2397
9878 3336
15294 17939
27950 21273
21526 5490
12712 14345
10379 1945
22569 32297
19957 12621
30054 25824
10405 10109
26555 31698
8638 17384
24046 30215
17490 17962
20359 24308
27644 26279
11449 30235
18742 10169
15657 6633
20978 7499
9445 28367
27898 31357
11210 32014
25070 15086
25196 8497
7426 2708
20092 18982
16430 16064
1257 11369
2908 1151
27430 21614
19081 30552
7953 6113
12744 5054
12553 23610
19211 955
32310 21996
21244 14340
29426 10751
19247 13545
16253 21853
8069 26673
9969 3576
14943 24497
25649 11224
70 17852
15635 20312
26423 19151
24205 23588
14432 6400
7353 3989
25986 874
15214 6895
17644 14461
28006 11871
956 4124
30798 11492
15066 9023
753 7998
19222 30009
15094 26402
13946 19292
5676 30730
21549 7602
14001 29879
1102 3214
4088 21352
28245 27088
8780 19300
31170 13123
17247 4019
15509 32126
8382 15276
23274 30573
27815 9135
2769 9730
29020 10141
8102 16715
24315 1930
31807 29651
97 5547
26900 142
27228 4183
23484 22378
2732 3239
7256 21885
21244 19980
2487 22765
20569 29624
5990 25762
2723 15618
25757 8759
25474 31743
904 1092
30741 17023
22570 32712
85 30838
2255 16701
6311 27312
30551 25737
14855 9043
29021 5041
27804 3330
187 31509
24502 15607
31223 6177
14937 27225
26199 24213
25303 7642
24663 27104
27047 23277
21347 14465
31166 27132
21677 23602
16570 4708
13750 19460
24501 31425
1986 10004
8744 19538
2376 2171
8348 477
27700 832
25043 23283
30924 21133
15468 17579
8088 22820
4518 9748
4113 29435
20268 2916
7622 25789
12482 4069
2725 21372
31375 4216
23752 4711
6882 7350
7826 26129
26959 15228
5745 2759
23890 19236
4046 3902
26720 6591
16339 12134
8800 31237
1386 20451
13473 29066
368 9006
30379 25955
30169 3093
7802 28985
3566 21154
14514 14684
29913 11392
14152 8707
27941 2889
6789 5275
11865 31987
11353 742
31979 28204
15888 20153
16451 596
9601 29361
22547 16819
19911 7211
3429 19949
8337 27713
9629 6995
18388 22849
31554 6775
9662 32538
5044 26728
25947 16451
17191 16909
12347 4533
24684 16402
16996 28233
24828 8368
25188 26597
1039 14608
1789 12330
7276 4468
11462 10126
206 16905
23678 29848
29619 31759
25720 573
17022 1896
18806 18900
23431 1445
17847 31151
26617 15349
23717 2074
28670 18676
518 16136
28466 29709
1409 2307
12431 2976
19879 12871
9952 12635
11627 10791
11362 6802
8698 4579
23477 28383
29828 27502
25886 14142
29491 14906
16980 19735
5644 20439
3809 12881
9824 6160
8465 32273
2480 11233
24102 20894
763 22360
382 1285
8087 12388
16967 11744
7360 16785
11519 7678
21818 4419
19325 4636
24371 18540
6212 3537
16418 30016
3407 10019
9526 26240
4706 11873
0 12006
1599 28806
30091 761
13148 1979
13724 5411
22195 30115
5024 21082
25502 947
5581 26842
12613 12060
15595 29953
27200 18826
28843 32014
25487 30605
9711 5602
17607 30192
26229 9710
10469 19204
21184 23554
28963 23617
20964 2139
23219 18391
19336 25988
20062 15954
28013 24918
22102 32675
18732 10841
10086 16533
14371 14807
20409 2807
230 24081
1024 5247
24452 26459
17244 11491
2340 12867
15006 13441
31832 23304
16523 5458
21411 18400
10549 3818
3725 16655
27494 32649
16415 22455
4495 4814
7619 30786
22098 24903
30150 7849
1539 23120
1845 21833
1933 18784
32225 4185
27489 16937
22394 31288
16919 11245
15062 11036
27691 27468
27350 18787
8473 22418
27232 10996
9016 12969
5105 2082
9931 31114
21468 2486
24320 11469
30253 23311
27496 26251
10420 29709
28228 22216
692 45
11081 12381
7082 15752
1772 6003
28421 1664
12660 10246
23213 22885
24967 21674
20020 28318
30804 2130
13597 8719
32030 22355
15838 11083
8023 26757
16204 26258
26303 3484
15865 16896
32647 4615
10618 22946
24610 1652
11896 6270
29155 4501
26176 2340
30658 21354
23482 13429
22148 28694
18280 4312
15393 21409
15397 1351
27609 23416
26898 31601
15728 21143
25758 9997
176 15608
17259 3607
9878 24784
29285 29153
31494 6264
27618 22692
3352 29383
25308 18333
22643 25498
14140 10822
12173 5269
28683 29537
28369 7014
28157 22815
43 11331
26937 21147
24754 217
25001 11429
7814 1863
8128 21517
11441 6539
3155 2979
21311 14793
7525 28462
6517 11185
16455 21663
18432 18688
25702 12369
2417 14034
25363 21091
9469 2460
2677 19534
30961 1456
3320 27676
16425 6006
12545 11446
14425 27866
9892 15699
11394 2967
14153 17417
6314 17909
3830 30606
10208 24744
6011 29531
17853 12624
15084 31375
18140 27322
28776 17760
12667 16332
22339 32094
10773 29092
24191 2117
17816 25197
28162 1317
18732 29208
14350 9546
7385 25044
17021 18181
14943 17592
30216 23031
21639 29
27349 12531
30289 7010
23340 23358
22684 10190
6515 12910
15028 688
25885 30707
32022 75
29282 21279
30825 17987
10263 10865
29044 5442
23034 27284
17548 11220
11247 20481
243 6418
13426 5829
29186 30533
7954 4000
16908 19101
19789 14469
12407 31934
32010 12906
1418 11660
29646 28523
6621 32243
4918 7142
1657 2899
14117 27950
15664 19204
25620 25365
31192 15906
13672 6280
10278 27611
13943 21624
3324 27186
26354 966
13872 15730
27390 25595
21351 15288
14764 24269
31409 27970
30867 19681
14864 300
19504 12218
4816 30527
13666 12357
18635 3239
30849 27336
16193 28911
23331 12025
12991 19517
2480 16916
9744 26861
9382 29869
21371 31093
26294 24145
11057 20012
20312 24395
3846 25919
23679 7047
19402 8660
11899 4576
31912 5271
1415 9981
22005 15336
2085 24744
8893 2229
29089 4565
1665 18635
16959 5702
29845 23035
10280 10487
2115 8135
1286 30590
4868 5959
14619 24965
29540 24270
29539 26516
3729 28685
11255 30953
22928 25734
27961 13338
17903 31820
17688 24283
29984 19567
9835 1879
12364 27062
2429 20115
17936 14479
20438 3715
28678 22804
14307 2288
28804 25451
21368 11078
9264 32531
25498 32621
13192 32192
31245 20693
12207 31093
17893 16165
18042 9424
3718 27728
15074 30406
12118 6145
9860 241
23045 32554
2073 5769
31219 4584
15662 30875
30640 19820
19674 24924
24347 23369
11295 99
31190 22826
6222 23501
156 16317
11276 24264
21903 3874
10019 26349
26590 1252
1037 19877
25645 16867
21451 3110
1216 24097
11148 4344
29268 31856
22459 30822
30919 20848
10905 985
24486 29342
12890 17127
8622 24643
28515 24165
17747 30525
31775 5766
25641 11568
28433 45
3155 18519
9847 17115
21459 4372
3459 20995
19050 17958
6038 25916
26902 17200
13774 16943
1302 18619
10493 26664
18060 9922
7681 6242
12008 3040
14607 6689
6733 4882
23400 10273
27389 9888
14258 480
21476 16079
1269 17716
10865 7757
24956 7307
24248 4998
23616 5963
32625 25548
2704 1342
7582 17919
20957 10383
17070 19590
24471 2795
13067 23803
923 15102
15582 7687
23766 15179
128 4289
12045 25035
32340 10992
15988 4234
10195 23822
16601 6837
8178 10053
27970 19305
29686 15760
2582 16159
18954 13990
5026 27051
9386 32021
6941 5949
21129 24966
29254 30708
22974 21255
32247 8532
12764 22546
13601 15467
22304 22959
243 30200
16739 30480
13474 28214
11606 13658
27646 16056
10338 30558
29813 32673
5853 19724
11923 3987
1926 26980
15469 8408
16940 24899
14678 14947
30414 29704
19894 28277
25710 19950
17661 20138
15583 9680
23337 31135
14422 27187
24978 18216
18122 24760
11715 22022
26010 23974
18187 23637
32045 27934
20066 887
15833 16219
13154 1977
30252 13478
661 280
20416 23196
107 18321
16689 3232
30417 23444
8894 31110
23103 22626
11882 27014
18219 2050
25687 5123
290 3640
4525 24965
8415 20357
22332 20358
1070 21568
21848 19816
10243 1729
20050 9497
12727 10350
1028 3971
2314 10375
234 9920
4165 25415
27465 12116
17239 22385
26023 20383
12582 17528
5116 30548
18138 20995
9796 27446
14495 19206
20933 31642
8370 24738
2322 8215
12186 21095
31470 3348
13266 14498
7144 31705
11052 17431
7049 1841
22224 28292
13053 305
30852 2037
23031 18169
12848 16221
2660 58
31701 27342
19313 23591
31806 7302
28398 21633
24979 11223
25721 27101
26037 5478
22908 97
1938 4323
32613 29957
30261 24162
26198 12897
31064 28344
11798 16462
16520 11143
5718 14456
5280 15452
22755 25030
13896 4320
15543 18384
12718 6107
11583 8496
8593 5989
10310 1724
31682 10529
1922 10156
23053 29174
24751 28120
11813 21350
32493 3780
18236 28334
11019 5445
30473 23514
27832 1005
19389 11600
17707 10609
19103 32106
5326 29291
31015 27696
5456 15636
25792 29928
26335 7378
2732 16076
4659 18317
22095 14545
10110 4383
9826 7562
31077 21128
22133 7532
19133 26142
3982 8754
8093 4071
593 23083
18010 13419
29053 31609
28768 23466
30845 22076
5385 22335
7883 810
15353 10042
14425 29979
4772 25464
13823 24250
31780 3080
29221 3187
11941 18144
22216 434
23518 20032
684 22809
21649 8761
32228 29735
19044 17649
7217 30306
31114 24429
1702 15098
12308 13700
6395 16128
7609 17081
20159 20218
23404 6622
24767 16613
17048 2578
22611 14214
4254 7797
16558 23293
20262 25902
10784 16019
13556 6539
30967 17999
330 11903
25602 32669
16028 12639
29718 31995
19445 23637
30258 17110
955 10082
12660 22258
3703 18001
25798 2502
25796 7957
1090 9589
25607 13291
19828 11872
29871 6396
18298 18028
17929 30200
10070 11133
10359 1190
24826 7021
24129 29804
7119 22317
11806 25084
10318 19778
22280 15509
23464 3347
12937 15307
28596 24553
3658 5775
12169 15656
917 763
30961 30467
8831 18844
20035 8264
15285 19191
16226 12092
1642 6645
31728 23344
10353 13446
28953 9279
12625 32631
15172 19650
11434 25560
31335 10999
26655 15093
15854 10737
8436 27571
13648 14048
22312 17267
3689 914
13006 4828
11473 19914
10491 14646
28092 10434
19712 20842
20706 24278
11160 32337
25130 3111
14111 22594
4920 23696
1664 7997
2801 20772
2053 10100
27366 16450
17364 24365
29193 31053
18200 30369
12248 7900
18332 28689
16764 7572
31850 5277
4845 4704
7813 10241
69 29973
20900 21922
29920 4987
25760 22565
32663 32721
16402 27811
19410 27260
25547 998
31365 15836
23734 10978
6901 10846
18418 9298
14573 23663
28365 17500
27741 19419
16623 3410
25330 27808
27 4757
27322 22483
22436 25785
20829 27218
21712 6069
7067 7470
23307 14490
25468 5663
16510 14272
23568 32367
23262 2159
19657 5375
24792 18860
22268 14630
9669 8648
13405 14832
4546 9696
2712 7960
2410 26982
283 23540
31010 24120
5843 7348
13012 21548
3052 31309
30908 29520
31679 26620
31995 21403
7494 18568
431 24020
32667 29763
11828 10100
19795 13305
21264 16372
10588 22505
13278 23674
15025 10869
18217 11522
303 20866
19408 31229
27982 3353
29974 17549
6183 26893
12694 29200
20452 13676
10672 13123
23223 20352
890 22498
6103 10249
32755 22154
13059 16689
27556 13266
24786 28084
16183 13007
11467 25088
28441 2823
20370 6681
807 25648
22082 26554
7463 13499
26622 9767
30119 18133
7862 17076
27326 31007
20395 13963
30651 27312
7811 687
28770 25440
5680 32596
24917 12186
15007 17146
23827 20591
13473 2611
29163 24632
5364 2786
12551 3857
21988 31984
16293 9901
8141 29850
11044 10850
5395 28534
29220 8928
1600 13205
13034 25223
4640 7280
24424 5184
25775 19648
22257 15484
7347 6479
9265 18653
22510 12711
11926 21814
31715 11731
8812 28220
6301 7090
2857 19856
28783 11695
24900 32077
24531 30383
4894 5165
10349 29172
16051 29319
12034 3355
9833 5541
24192 19382
32093 19096
8144 13935
25664 11251
6702 7092
14182 1709
21563 13003
24698 17038
16346 17579
15195 16829
21994 8111
4514 20088
16640 32341
2928 20565
26104 28674
15287 12761
31855 17529
31462 14612
25863 7232
14325 24359
26066 32565
12801 28505
12774 14860
32438 4731
21558 29121
4463 14866
2187 10784
10356 8977
29540 18825
14731 13284
26043 22875
7637 30018
11863 25132
32362 6330
30687 4959
4757 13920
9657 23986
6077 17557
22286 22431
18785 5748
20613 11077
21861 23246
32223 22798
8857 32218
12733 28994
19102 23586
20837 6010
31140 26737
300 32699
4891 30735
11887 30987
22204 9647
27202 21544
11208 28282
1261 16721
27796 29992
20471 21874
11906 16891
16340 19926
16153 20761
11580 29073
2314 2487
29224 32417
32349 685
31421 29525
27743 4472
14117 10539
32083 17181
12694 8552
25273 10522
7745 13955
3063 20302
4424 28217
15374 14967
2961 20764
17069 31527
1247 14541
14189 19383
20067 30470
27226 13770
18242 18719
29258 22202
6614 32359
8142 28572
6327 19306
495 648
20948 14071
9519 3556
18521 25371
13368 24893
23651 21482
3254 30437
17052 24899
22600 17443
31213 4352
23071 17059
6494 16686
16276 19560
15365 13107
32413 24418
25064 21690
2994 139
3693 13246
5850 12513
4639 22214
10929 19216
16885 28291
20421 14183
31625 1168
5518 10252
27311 30069
13989 28589
15380 1036
14143 30265
21915 30745
19668 13790
13927 14212
27456 22661
2405 17621
7068 537
19752 7045
2567 17998
32179 3870
5036 22986
471 31037
28340 10554
6374 27780
28816 9560
7056 21754
19730 10193
23981 28971
10415 6629
29290 5141
22760 5104
5640 31696
5972 29829
15058 25392
29260 8537
31521 14470
12739 1529
12081 31990
27003 8312
17870 18455
7440 23052
476 24926
21131 27170
1030 24455
29595 31544
3881 30321
29248 19588
16650 9521
2144 2451
10988 31708
13410 31404
164 9740
8963 26149
1692 12245
30698 3199
26249 19562
11721 5369
32537 26724
18410 83
31627 801
31120 15238
2058 2740
12259 27601
30052 18706
17646 14404
13039 8271
18009 31056
24436 13204
25449 26972
30169 26128
12921 23379
28748 23651
17606 24640
24724 28519
29320 3250
18486 23582
26320 27673
22505 20542
6482 5813
20215 19788
28057 24128
22415 487
13691 13299
7504 14082
7443 6372
29749 4904
28553 20362
12235 25730
21480 13393
16641 4192
27773 18031
12935 2360
22903 21326
27137 2673
22459 29383
20742 14585
15073 17749
31046 10390
24470 28762
2367 5781
10685 31913
19508 32114
25078 6472
19863 31741
3167 13789
31821 3737
6095 30938
19495 11989
14661 28996
25612 13866
28451 4353
22101 13587
23975 10757
6753 20378
26160 15678
14822 9118
8464 4076
10548 1561
536 775
14562 30411
1381 3701
1870 13616
25606 7475
3704 21365
2464 7498
11851 29317
10135 30916
8904 1183
21562 1344
17020 15655
24772 14953
19029 31843
635 469
1242 29576
27220 1171
4870 15804
29421 28600
3308 6740
28106 22258
29756 7010
3560 30570
28717 8838
10020 13694
15036 4855
20510 31580
13766 32056
31130 12513
12982 26
29602 31766
168 14224
30029 24054
19887 5037
11777 26681
16172 23193
30203 7114
4916 13159
21997 995
14689 866
5721 32015
30828 29725
29012 26230
5974 11825
11852 27376
26373 18957
412 8687
32741 26539
31576 30441
24355 19859
10283 10587
17699 7758
20915 7718
8713 22615
23482 10146
9392 23400
20356 29201
22662 7454
19279 16601
11208 28637
14825 31129
7050 4812
31352 15237
12912 7022
26880 30161
7979 4498
12255 4396
12114 25679
15527 403
10547 20825
11458 6240
2673 19940
27392 31812
15645 25335
21203 13902
12265 26853
31666 3261
18499 19313
26335 30249
27643 31409
3138 20446
24843 2854
28533 15393
15795 4188
25014 11291
17530 26342
13513 3703
2749 20203
12771 8136
22039 18394
12478 1208
4467 1537
20850 11375
8857 22966
21606 14416
2096 3732
6586 24745
7371 26937
31125 2350
13641 23164
16738 23372
27076 31171
18607 30251
5621 29823
15448 31377
32583 27658
29195 27924
6531 4283
27248 17276
31690 15386
19118 16087
8063 1017
27952 25702
28052 15433
5830 26311
16914 8925
7327 22568
20051 11221
8275 25933
24543 25672
20563 23723
18881 24357
28638 16989
1496 25412
8031 23117
6438 417
1435 27148
20083 14501
29934 29387
22929 15367
24292 2996
25564 7075
18296 31619
24785 12848
5751 26572
17528 16559
8147 26312
10532 3640
29050 4019
27136 12028
12446 4315
31461 805
15305 13879
10497 18777
1377 12470
15466 660
7735 25667
24518 8262
21110 26029
19834 16534
325 26860
20405 4594
8232 8472
12489 30938
10197 4516
8829 6857
7662 22641
3753 7523
26298 22965
2669 14251
14909 27674
20574 18133
26395 22642
15904 12323
28858 14737
8828 2970
7562 29183
4888 29233
27402 15794
20308 17376
24233 4831
27472 29137
3891 31893
22092 31224
12708 30188
25095 24759
10123 27615
17490 12900
25224 3750
18487 625
3595 21313
17729 27315
23779 11155
26950 22615
7224 18413
23244 14491
10860 31457
30584 17947
16404 14749
12170 19907
11899 29110
23958 4496
17395 22020
25770 8679
9303 9850
31163 11488
6034 12898
24052 16125
5973 29812
15458 18235
32724 13198
11886 5933
23880 10815
25565 9703
29608 7516
3859 4966
9461 8738
30759 27816
3728 26856
3939 23762
2482 13029
25928 2335
18458 8516
5561 17211
2679 24429
4858 21017
26948 2634
13448 16745
26446 18060
25576 6244
11210 23288
32024 29433
24482 20671
14758 30016
21010 28209
8471 18697
21030 23490
32006 1630
18841 6719
31149 4799
25814 21518
24153 3238
19981 19996
5289 4832
11076 13661
4180 30865
27531 22286
10189 3435
685 19245
14687 24947
10876 21693
12416 23158
24787 31906
5857 11653
16452 10861
32378 4237
7475 9500
29496 23764
28594 27457
8349 2016
114 6903
29189 12527
15962 27643
14121 6609
31557 16645
5571 28808
19198 9664
8801 17985
29639 11216
22077 14658
18895 13322
22822 21688
12683 26369
21059 19549
21565 8508
15411 29406
9166 21677
16554 11832
18441 25128
9005 30673
26713 17229
26893 14576
32562 13142
24358 2928
17586 29432
9987 13666
2586 3713
30082 43
19590 15267
23776 18372
15011 8387
30064 6420
18252 24175
16534 13849
11756 3925
21154 25539
7347 5702
18842 15279
18207 7140
3805 10433
24099 3024
6735 13792
13833 26683
9184 4050
22420 657
9042 193
6611 4662
28837 6339
20187 24864
28787 12603
5375 31943
4876 17174
32453 12722
19862 23718
1382 17891
20914 23667
4691 25479
19396 27649
31698 18524
19179 28580
28771 21351
26014 28221
1792 2615
27477 22082
1918 21979
21153 23497
7903 7294
20014 26027
16978 7587
25479 7108
30773 18358
11070 13624
8506 2697
21220 30466
26277 7437
28787 7630
3083 22281
24895 22032
11347 4873
26852 19603
10334 13264
20556 15236
8496 18237
25822 7803
14909 25472
11063 18532
32156 12916
15611 22133
19831 7896
15331 4064
11693 13341
2854 11349
614 14776
19649 27747
14583 11962
25226 13732
28968 24917
10385 13013
20816 4697
30167 3439
21971 2959
15873 8463
30594 21361
29255 31484
2782 17658
30998 11817
23167 14473
29249 1083
28830 23781
2974 16129
29861 10644
2793 28198
8444 26062
30757 13176
16615 29261
32218 28155
3851 5820
27179 15324
14041 1676
19333 23667
2717 16821
31294 17564
18645 25884
16897 27774
11136 14706
25350 19871
15303 8230
1523 28143
8553 23747
20239 32278
27666 25168
30986 19688
2243 31515
425 25398
16296 16283
335 19758
4553 19014
12129 31630
26635 23198
5137 29024
16129 5005
13233 30485
25862 31430
22408 14757
14266 1648
26814 9879
29567 9166
7914 25034
17663 31809
15325 8337
28095 1193
20205 15660
14521 32646
23075 32334
28590 8390
13393 28210
25929 11952
10613 26626
8614 19024
20670 252
10131 22881
32047 14717
6982 6930
5972 7192
15530 24646
25839 21295
4188 10856
10736 13277
12842 18708
27098 1044
29255 8663
20613 7722
1581 22415
8672 31226
31479 10194
308 29340
11288 8841
15771 32353
6776 18271
10148 21741
10269 22306
394 3218
16493 14456
397 11130
12172 29333
5230 27493
2448 8658
31073 25843
24303 4027
14221 6976
3549 23013
31854 14527
14111 14838
340 14857
3831 20888
10427 10486
13704 14099
28555 10821
21949 30197
26761 28950
23674 1355
10011 31991
25068 26122
30147 8318
15294 16602
6848 11600
26125 18844
913 5933
20788 7470
28358 1251
11737 24620
5950 6016
16836 25441
22869 1736
30684 6016
7369 16863
16086 21591
14944 17381
25699 8387
24987 12324
23922 8224
27066 31835
4999 17281
24749 27977
29228 25788
17639 20338
26354 8198
870 23587
25323 10421
16438 23737
7832 23240
12062 23807
8419 23918
32305 27006
6561 1349
9574 24525
23591 30484
14996 3873
31851 28588
21607 6976
27314 28310
3742 6479
30066 20899
31321 4610
28348 22620
13091 14990
6028 3413
27331 25153
19392 14448
15797 26867
18623 25952
23667 25371
29243 9447
5266 5896
12872 28325
23868 26874
584 7417
28316 27608
32219 30649
20502 26870
9091 27798
31209 825
25978 15120
29568 25773
19871 12602
5785 12598
5201 5727
15172 29452
2581 1675
30000 20438
14543 15451
22866 21099
15941 15128
13010 18415
12517 15391
10422 743
1568 21608
3959 8864
1868 27545
7378 760
13357 21737
27464 13163
9848 18556
20231 9867
30303 12427
27876 17464
5794 12080
27208 17975
3623 21735
4359 7449
8192 16138
4978 14779
23641 9761
4537 8937
9698 25507
14477 11915
25078 23053
8842 9172
19037 2159
14586 29071
13766 16574
28652 9693
27668 19560
8529 23091
30540 31289
14661 12886
27664 5965
15724 19639
28576 18536
11277 20259
32174 5505
28556 25752
2156 24483
26642 4629
933 21193
4998 8459
18152 14699
1493 883
23972 13051
11574 10020
22904 21745
27709 26235
13105 17799
3569 10664
30924 8912
14416 14846
7829 30329
22046 10205
14833 9985
31177 15919
24379 15766
30464 3406
4288 9762
22814 31957
9208 28260
17237 1619
27854 32110
17143 12179
22841 8190
17100 20712
2789 20998
18559 31516
8953 10616
20600 7838
23757 23786
6785 19010
22416 15367
25128 4482
3670 26702
22196 15175
16794 12876
12220 6666
18843 11879
20067 29363
17306 8917
29914 4400
3150 20095
30711 15706
23544 12101
3120 18544
4785 14534
29900 9903
14384 27200
21135 22261
4667 18052
30929 10562
17228 21459
571 10380
6976 3302
12220 20636
25036 24280
11608 9367
25073 28184
7518 9550
28093 15848
30380 10636
20538 109
27309 27513
17007 2155
20205 15676
26238 21674
10366 18365
28745 10698
14000 10935
31569 2952
27232 26218
2818 23839
19254 6071
15620 27889
10970 26771
4638 10946
11053 8584
3330 25176
27329 5596
21270 20336
9241 14768
366 14739
25435 19608
30541 29110
32062 6667
118 29344
20414 26528
32597 2935
30824 6899
903 15450
26394 9028
17610 5542
30716 4681
10275 20938
8507 25279
7278 31545
13515 17749
4588 7642
3985 6184
12851 2360
31702 3279
29805 12967
15902 19349
26249 29635
12319 13960
22986 27150
32690 5946
10627 7829
28765 30640
23152 20902
19678 4506
22253 30428
5303 427
6609 26839
29199 9287
12566 19460
32427 28135
14715 9604
6472 15563
29521 8195
2579 18789
24734 19740
27567 2500
373 2592
23493 23565
28069 23523
21184 10404
10829 17555
11627 26486
3006 17438
4131 8058
3424 15572
25174 3790
19351 18139
26335 31644
17665 16105
3076 28912
31412 9632
12224 30643
21439 31784
22538 2950
13353 16742
1530 10954
4673 24182
8854 13156
21212 7677
23247 12983
16773 24636
10008 15654
14531 3355
19460 3574
32484 32194
9059 22534
20408 31128
30145 21284
24232 9081
25823 19916
30868 4818
29001 27351
7738 2774
10451 5086
18069 28950
20819 929
16583 2076
5431 30826
1631 31113
30540 24890
14655 1347
32475 6831
28113 2297
11378 29851
16998 19578
24395 4434
31783 15100
17874 20627
25713 6755
2938 28324
29253 11015
13089 23756
21813 13068
11412 18519
10640 23442
24789 9185
16016 25295
27592 24495
21579 11362
30939 6203
10635 5811
20911 22567
10425 9650
16405 6016
1571 3371
14384 19341
10328 30823
11124 27474
13224 32139
22813 22536
31719 23864
16392 14835
6564 14967
26329 11216
17417 28141
1185 24499
14299 28051
4934 22094
28111 24722
28093 21337
7911 29682
27738 9711
4416 18240
17610 6093
28627 17640
8737 7656
22490 27580
9780 25127
3574 29054
24426 3340
27840 20992
16274 25612
14939 9370
1326 21208
9778 10281
7195 29417
6361 17687
3158 2166
8258 10775
28415 20769
28425 4118
31696 4383
29511 18148
14433 8707
12048 318
21308 6093
31703 7119
16487 4815
26021 13873
24155 17811
14460 3030
20718 31350
747 20819
31595 23876
11878 9005
13122 27243
31627 7535
25681 12049
20757 28369
28685 7348
13439 36
7155 17227
22040 12373
26246 23640
8683 15293
18323 17632
16215 23143
11195 6274
30151 16961
25964 10023
4498 9260
16795 6319
18369 3358
31725 9710
17056 6357
6393 27643
12101 30493
10099 13546
4419 1373
16666 3576
21209 13100
3476 2222
8495 4655
21616 14670
24691 5877
15137 14812
21129 29189
32547 31931
8872 6731
13086 31505
26380 25928
23652 19479
258 5714
7087 984
4558 4676
17774 23751
25972 25767
30421 21251
3152 1700
7577 19268
1313 27843
24266 22712
21876 22443
29172 24044
22781 30748
23907 9492
28971 16394
22106 14792
15774 29228
1135 29192
20176 20333
13333 18909
7391 13381
15079 10985
30254 10543
5618 22656
12602 31567
21241 29884
21161 1709
32458 17647
27139 11173
27565 23598
5624 23341
19800 16905
13330 21398
8962 20935
7076 737
14117 22294
512 14467
25009 29196
19084 30766
29565 30627
27744 31686
626 18039
2917 16136
27308 317
23914 30056
20629 22106
6244 29536
18165 7660
28596 19572
20308 27128
16655 2905
17370 1658
30852 17167
15165 9612
7472 17169
16086 11961
30000 2447
18582 16713
17030 151
30205 13123
2462 8175
4944 18065
25726 8705
28275 23110
17471 21553
24456 15816
17472 1359
18524 9059
18670 15558
32727 920
12881 26140
28588 16045
32758 10113
10262 14401
27524 17019
25195 7698
25764 29984
5920 30139
20480 18721
7505 1429
17245 5184
6541 31961
8251 1949
17507 25066
25986 26921
20295 17465
743 6099
16212 16114
30515 732
17752 26472
1403 25270
22485 10178
7548 27165
13119 28406
29835 28029
444 20622
19816 14311
16260 6986
32052 28068
22220 998
18464 25269
31368 9746
25858 19207
19940 14811
8516 23604
16107 4923
15101 9918
4316 5824
1463 22647
17909 17434
5289 31296
12838 18354
25338 25104
20403 29097
30095 24623
17123 9856
19601 15792
2231 15723
30532 12692
3530 22171
27092 6282
16198 19635
25459 9426
32071 20514
5181 26920
25449 17212
2797 10469
2806 5519
1849 28135
19989 23209
296 31944
14968 4345
20066 19897
32588 17199
6601 17832
24112 3349
22982 926
10350 7543
28055 15673
9826 9654
26866 468
10937 2507
8024 29663
25031 13741
4183 9873
9048 12251
16595 4477
24373 24016
8446 3894
21724 24194
27541 15047
15973 13069
20610 17756
662 26321
3209 15897
16365 10487
12992 30075
26970 27300
8274 21016
30889 19232
31484 12455
16932 7168
31183 15312
19204 8538
32730 6862
21908 8162
21229 27504
12492 5114
31434 9073
24968 13152
23639 1876
31949 8566
3099 3862
24878 26152
12616 11371
23826 22998
30167 11333
26643 7989
16526 28583
2676 13080
21242 16487
11225 24584
29697 9705
18776 23715
4100 28364
30238 10977
19541 27740
31600 29420
22804 22638
1242 23712
13941 2653
13984 25066
286 11339
7153 7860
20938 16810
531 9830
1645 9414
19117 11754
2702 31342
26937 5124
16099 6802
1773 24408
21062 2873
25509 607
24319 11097
13750 26749
19048 5493
16833 27732
2825 19332
3376 23984
1047 23763
408 3907
15661 2693
1266 19523
24647 18363
25165 28204
19845 7977
10848 26939
27546 8138
19235 3590
30339 19096
24587 216
27948 16618
3184 8651
32636 30771
21768 6560
10467 916
3607 22174
8931 26126
11722 4874
309 809
8787 4118
31055 20154
28291 19635
23226 25834
12161 14759
14974 20798
4648 3982
12633 10155
8160 7832
14392 12500
13415 29926
19331 24857
18216 17022
21894 28262
29072 29936
1287 22203
9589 5090
24725 32343
25408 5113
19870 15182
3214 4803
8783 2077
12233 7862
15692 21414
1148 20391
17550 30084
22172 14563
31583 4114
32375 7619
4788 20711
10147 28678
1001 6073
5647 19734
24847 25726
8142 31056
3090 11951
14026 11354
19214 11871
518 26257
13881 2137
32219 1664
16225 31431
2777 21624
29243 15042
2986 2385
31061 1262
7335 13131
99 32062
25019 12983
11270 24944
4126 392
11744 14358
26229 18153
11643 30956
326 26745
28410 25525
24187 32545
21402 11868
26908 26962
29345 17876
19138 29894
10257 27639
26932 26472
6686 10356
2531 19185
19575 17954
32312 6658
24811 31320
29507 25772
19750 3685
29208 29834
29610 15391
27258 20627
14822 18244
3353 21399
18525 11401
6271 22490
16195 28782
6369 437
19620 22879
8066 8898
15556 6428
4979 7611
614 7598
11284 1718
31552 20362
2985 7723
28350 28393
13870 30241
18873 10406
21805 17222
6945 4629
642 28076
28511 23138
13250 7009
15908 15362
21789 21314
28923 31462
6294 26768
28486 29537
17132 17576
25299 27269
22896 20115
17589 20881
31287 3997
21219 3694
8323 20323
15630 28164
18533 8964
15973 11375
26737 31783
20328 31879
30575 15759
9759 16484
13254 4102
21676 5476
32744 30385
17731 14208
2322 22871
26868 2554
6248 840
21163 15321
10718 14569
23533 4027
15400 29252
28266 6738
5850 9370
25128 15826
32310 3658
7758 2118
7594 12796
10412 29434
10874 7571
30442 28143
30697 13196
14035 24542
7096 4176
18746 2431
6456 17814
14297 9512
16248 21856
31225 9795
25621 22099
25757 23584
25702 25162
5191 747
30181 529
8099 15603
10978 8288
21483 5772
30314 8908
13083 2751
5180 4643
22456 31829
8572 11635
724 3984
13777 24821
14151 31947
22764 6629
31792 7139
7886 15697
16225 4214
19818 5301
13587 24322
30094 30794
6933 2303
5054 27640
32281 20016
19076 10235
21868 21968
25951 27649
19701 22592
21771 6961
13589 1083
8222 11766
27462 12614
16828 16109
21408 10920
2475 3877
1904 2228
4532 32567
27440 8838
28852 9586
19819 26953
16154 15162
10042 8920
31511 9338
16298 29743
30824 20513
32277 29887
9732 6279
22388 26972
5125 26560
30436 11029
13258 7598
7399 32338
8409 17788
27372 2072
29023 4495
19655 14423
23341 12411
21747 29697
26671 22085
9829 5276
2394 24728
31007 9340
3543 12126
5918 20627
31654 8669
16267 3587
3158 12143
29931 23664
25735 11566
16059 24537
6193 21991
1633 2947
32642 29534
18851 23379
28655 26546
18507 28678
5249 31050
10409 16745
4605 8793
17460 16327
19912 3493
15636 958
24623 23069
1866 12799
4569 17591
6813 17923
20870 10760
7525 8447
31826 20745
14522 26374
22286 27712
25995 262
17007 27535
3561 3636
19961 21611
25104 21019
21978 7105
30174 7971
20770 13832
31423 32038
17194 25337
3330 5469
13914 5297
26040 10854
4461 12973
7917 7793
8055 26747
21514 1143
4779 25060
13904 25073
13326 24739
31844 6239
14211 2535
16367 29249
28520 2214
27552 15021
20490 12947
18242 30880
8967 1636
14607 11513
19306 13427
7407 22524
23668 27359
19652 28921
21228 28445
20417 788
7027 1785
4320 19492
15974 21238
23451 20687
2941 11727
24672 18234
16347 23429
25063 10147
21660 25313
5973 6904
29428 8197
2789 13378
9531 20327
16006 22440
23228 30757
32542 3654
23147 30255
18725 4095
24780 6354
18080 9409
27641 27719
18379 9985
20133 11221
3765 10676
17578 9024
17222 9736
23115 14239
1798 20009
9682 32644
30634 17802
21456 141
30395 30409
1735 11836
18189 16353
25760 26513
21465 3502
13485 20634
31853 7075
17751 849
9874 2850
12586 2562
16800 27094
14334 2932
2809 18596
3631 24017
24156 674
31083 25087
4155 21784
5370 49
26560 22344
25846 31128
18995 15258
22332 6564
7414 18082
20930 7314
9875 17286
11611 749
3680 26675
12502 25945
17193 6487
7162 16133
8453 8583
30367 5476
5526 12608
2183 2969
1330 32086
14576 28029
1825 20326
5639 4139
11453 9237
26521 26569
27316 21328
15234 5363
31308 30996
4717 27736
11102 15733
24314 11879
17353 19554
32160 21912
24881 22879
22197 1577
29604 26212
13769 4004
8143 31427
7897 19406
13206 19596
8156 1649
7012 7755
5983 23390
18360 5552
21285 10700
22577 29460
16245 12830
1975 7163
30041 15637
17214 26857
20300 19469
23473 14049
12710 1300
20706 31614
18443 20605
22255 1145
8898 26599
17221 29265
2050 14881
25581 2812
32272 23333
3396 15389
22551 15749
31386 5372
32227 19823
6525 15831
29880 19758
21058 29998
28845 9821
30427 8997
10140 14519
8350 19913
16409 19038
1153 25569
28381 18460
9024 26732
9353 27884
10866 12419
17791 31904
18960 9485
25314 17249
4240 25485
22714 22428
32247 25298
1526 18790
540 29905
17049 11666
30702 8888
1690 692
19150 31855
25819 30071
25189 28174
7826 2405
1540 3286
12770 25615
10095 20500
13216 5317
27743 14335
6864 3161
21949 27224
24362 8388
20052 22489
31378 8645
9337 17988
17074 301
30371 28485
23892 10126
12529 22793
26079 31717
24565 14069
1800 6082
11398 1894
16227 15016
18175 6374
831 23090
31478 7357
29845 25192
1070 18764
3985 28456
28755 10405
6123 21059
31184 26359
16383 30015
28963 10946
25014 9694
15774 20760
22652 26814
9064 27172
780 6112
29202 27237
1828 1609
26801 27914
13909 31673
27360 27871
5507 17894
6184 23346
16937 11630
8877 4599
15544 553
10245 5073
25833 7791
1838 26020
20425 15716
21829 10900
5371 21203
22813 18262
13407 7197
6101 16847
11950 27316
12443 694
24038 17457
29086 18626
23225 8208
8762 5196
10267 6000
13791 19005
12258 3332
19048 15628
26528 32684
21118 8108
26369 31897
6325 11164
28010 7009
1559 12426
13120 7193
24648 14000
32626 4392
12598 20967
26161 23083
29081 21358
7597 3660
6990 10106
25732 19855
19770 26036
1376 19493
18622 8122
19286 27745
1987 24947
4607 14529
21720 3546
17545 17725
22115 13600
1800 17402
7718 1947
23305 27960
31618 4033
14137 30902
17989 5839
31875 7102
26593 4992
13114 484
28229 12446
4625 32399
14159 30215
994 9232
26955 3111
16711 18537
3173 16304
18249 18511
13702 10889
14920 8787
6921 12551
18390 29057
3390 24910
29900 17499
17981 29982
9661 10248
9878 13444
10892 14286
23516 24035
27146 11884
30422 17705
1240 11090
29600 826
11715 19487
28272 10535
23087 26636
22924 2426
27334 8708
26207 26315
23530 24468
1947 11422
24864 422
14709 11823
3091 2987
14869 5458
23161 30238
8561 12522
13348 24399
11119 5394
15928 25062
18931 6623
9049 6246
14954 9088
2634 3615
28081 8393
19813 26164
26587 30028
9082 11908
14893 8527
13983 12173
9642 29762
9516 4376
28775 18204
23596 22862
15157 7126
13749 6755
13001 1321
10408 22796
26411 27956
3582 13042
6440 21725
18984 23393
2534 258
8783 28064
7471 17427
14422 22766
27142 17111
2546 23936
14032 23151
30275 26143
131 29189
30509 11257
1286 13133
8320 8150
21192 27696
16652 11900
2526 27630
27886 2868
30932 5060
22487 3902
26669 5634
22744 4140
28077 21044
11426 25290
18666 9340
5760 8932
20189 18796
31927 3502
11650 21474
16401 7478
19378 76
27704 284
3152 21902
26960 22824
26726 1316
6948 16680
20818 20626
8902 29690
22214 16126
25464 20328
29259 8111
26907 31225
1958 16681
5386 26065
776 13609
13683 21785
22070 20152
9285 8618
31442 25220
26534 3478
20156 25400
13259 714
30404 8208
24332 22161
9721 19851
27963 17030
15486 6211
22892 22101
15398 17444
31053 28277
17295 16172
3558 11967
20586 6596
31817 12843
16320 19259
11892 25582
26296 3709
11915 25150
14542 23934
11016 3479
20509 24261
30472 6210
28310 3228
20670 20596
16106 10941
27113 18957
30922 632
7227 30669
10744 18741
5234 6277
31857 27064
30771 17124
9507 25387
16552 9920
13397 24048
15542 27566
1010 1139
4365 13248
1077 29318
7492 25035
11223 17181
17813 1836
32506 9377
28116 25040
31315 10481
4778 581
17706 30406
23024 2780
12698 27211
18492 6809
1608 26095
27232 1268
14516 2616
31934 31595
23864 15591
5 6659
8494 2318
11693 17818
10090 8231
18712 7043
7624 8636
6275 23488
26268 25328
19773 29297
3339 6200
32295 5498
6764 4946
7562 26761
25589 21278
4102 6730
13387 16684
19001 4107
21924 21879
30110 30692
4968 32012
7881 16055
6774 12591
5152 14155
10685 276
6474 24925
30422 14025
18969 6000
32759 4417
25696 26531
492 25580
9495 29798
1137 13878
2990 28494
26420 23061
22306 332
16385 31388
11210 30185
11573 23160
23434 16363
8519 22259
3515 29908
3141 6174
10592 22484
16246 3132
28712 3519
550 16737
30615 5440
1168 1685
24746 836
1168 27588
26207 14283
11702 17554
7947 4651
21014 23273
12765 31379
28520 29533
2939 16278
5993 31659
2024 13529
17048 22238
6208 30736
3408 17596
19282 4054
4890 4576
32164 11259
25543 6057
23611 25602
30253 4476
27749 31556
30168 18498
15263 7746
24024 25919
24809 18200
31729 30018
19489 26834
24801 16008
837 25695
29749 28209
18 20117
31377 1870
7927 32180
25014 24151
28627 31536
30323 22500
8230 23607
31353 27722
20874 23493
8924 22611
19860 12917
6982 7886
23894 6580
32275 31781
27224 24729
12078 29257
31127 27240
26652 10686
2070 6286
5053 18897
8628 30695
21535 2610
30332 16858
7582 20120
9964 18438
31353 16506
24390 29822
3635 5568
4580 15515
7478 3143
32398 31804
26276 19554
30240 30758
4275 20159
6289 32308
30236 9329
11939 14917
31774 19002
6355 9502
27940 6589
23094 16317
13372 26526
32094 14717
30233 17005
20148 3908
2943 4942
24496 19779
17769 29217
16607 21969
21510 22042
31371 22896
5045 18977
5212 10541
20044 4052
10639 11566
27883 15217
8977 966
15684 8487
25492 8302
12208 13150
18092 12872
32649 15150
11598 9819
31786 17651
6925 28206
18333 20527
6737 5529
16069 23376
27428 11947
23513 3346
18561 5299
6265 18628
27113 27536
3070 21947
2328 19836
32706 15278
30426 20418
30237 32589
17471 9258
4695 29256
17014 24396
29924 23026
13636 23751
2930 13226
16570 8295
13594 26441
12300 2362
29899 19858
9038 6646
26481 202
15478 11365
31783 26420
26240 13136
22392 29252
25741 10943
2572 27087
17346 9989
971 32494
12951 30980
6509 3899
30341 29521
31882 20101
7192 9874
16519 29014
29214 16229
27594 10231
3882 11923
25057 26608
23093 30123
8299 14682
9002 16066
26053 10869
10595 26347
24560 27024
30924 23546
20299 31069
18404 28496
5603 19414
15659 25594
9054 22120
32351 12104
24025 3881
30490 3467
821 16316
30998 20814
4113 9118
19987 7232
812 30166
24422 30580
21360 25370
23673 22579
18308 8892
28304 9308
2133 23909
13263 11196
23298 11188
15067 12847
16312 14556
30872 12788
836 17133
26249 29102
3567 4949
2349 13468
11281 4377
29747 26771
16581 32641
8764 20651
29959 2120
26029 4301
15495 32091
10512 6523
19369 6024
20581 25579
5601 2912
20046 18684
15019 6437
11384 13526
26994 18584
22961 13733
7735 5509
5381 19942
7826 24314
26434 14146
18447 5017
4341 19695
26216 1174
7198 14851
7663 12818
15731 27777
13693 13262
19697 3008
16534 28710
14528 31082
12046 10760
16269 4720
24662 19780
11327 21650
3029 32487
4737 4993
24688 21475
22647 9076
23927 18135
30954 29843
24854 31588
12084 13916
16924 5780
1721 31781
30096 689
11449 16249
20970 9374
29154 27716
16600 12863
12583 7714
12707 19627
8333 17320
26394 4626
22762 30980
28057 17554
16376 20947
2096 20142
25920 28460
27472 19018
19705 27641
11122 24800
1407 31153
26102 32090
12186 30561
5508 9933
29561 24770
9321 18214
22838 5125
3337 2949
20501 12833
1011 31392
18767 4110
32568 3105
22121 11918
6792 27274
19307 9060
7446 17914
17237 20714
18506 779
10713 29422
21425 24014
9459 7505
12630 30744
924 32298
12362 15967
14592 21426
25536 13374
16479 590
12508 25336
19841 5834
14892 19299
4444 6379
27093 22336
23115 21680
18335 12830
4077 1059
8562 6991
4968 13537
13068 21193
4391 5893
27319 25430
6035 18982
19572 20086
12655 22513
28347 32079
18611 32496
6106 10470
37 23055
11968 430
13260 23152
24210 30301
4525 17338
30873 5
21196 9494
15385 11172
3833 25586
11801 9937
30021 9869
32382 31371
30683 9910
9637 27960
5663 16525
6812 15744
16174 5698
28850 18780
16315 29433
14004 20291
20295 20838
30332 12108
23280 8724
1543 12950
22885 27113
4213 13342
11947 20140
30048 3828
31786 9861
26387 6916
22658 4680
10378 432
19210 6064
2730 6460
26751 2756
23593 16732
28840 14277
23002 21158
1340 19351
13695 24543
5119 24225
11596 17909
21735 17064
26925 8877
15792 20755
25433 20543
20973 5683
11747 3045
9505 7415
10169 14477
31209 3487
17765 995
22152 27280
13864 7998
32539 23492
14948 27560
12702 4889
21953 26543
2651 1668
22423 16110
3886 18443
24127 15088
18133 24858
32273 3107
17583 27636
31121 9673
10669 16023
10537 16117
24113 54
23544 24401
19192 23886
28775 5723
32266 31892
794 17962
1303 2151
20594 23215
5536 5189
30045 11952
15060 23669
18536 29549
6456 32641
15897 16891
239 17123
17177 26432
18065 24353
15472 7952
13675 4490
3616 11478
29438 13173
15324 4410
27623 30741
3162 3149
15102 393
24060 440
29990 30160
30034 9828
26719 3679
20802 13162
6826 26956
18542 5210
13160 24891
29381 1247
12726 26835
7239 228
4636 9395
7370 22563
25713 32260
32651 10532
10970 8046
5439 23944
1005 8193
11870 2704
15864 27722
21912 32670
5111 22690
14814 7687
8933 18271
12338 11427
11655 21657
31052 19577
9372 16290
15781 5653
16185 2316
10362 15665
6840 27156
2580 15801
18503 7846
2799 14451
14352 1600
24291 24709
32395 19464
4966 6338
17763 8559
30214 17304
4113 29417
12940 28499
1386 13485
15801 28721
11619 17569
11956 26161
9193 18459
26303 14537
28986 27696
29296 29101
21043 10571
30033 20818
27155 20669
29228 2233
19535 12151
8801 26675
22406 23648
4364 21739
17693 23790
8592 20163
13557 29310
15001 20547
2317 22750
17679 8535
4867 31303
9105 14207
2258 25909
13811 6372
8603 29413
8796 10271
4179 28138
19018 17595
6568 26583
17606 23380
10777 24259
20801 26197
13977 24334
14318 3033
11566 16292
14826 31995
13435 16434
9576 23929
30299 15692
12336 23385
889 6135
1505 21130
5959 5067
31650 20521
11134 12525
4017 16488
9918 21911
13479 24816
27849 23893
7416 27795
27021 6649
23083 22242
13402 7688
23380 32657
23275 10935
17070 2947
24078 24165
29232 18573
6327 30035
9793 28113
11834 17462
6604 13810
5858 21750
12876 20081
15109 940
7587 20290
9763 9364
17052 30668
30558 23166
1334 7663
10610 21067
12463 18402
4207 1919
31954 8926
4272 10534
27994 8980
22789 16107
5090 1830
21911 28647
29585 17965
5486 4252
13616 4406
2307 15250
5649 30666
5560 99
21164 6981
25381 16168
18088 860
9786 29588
7354 17273
26252 14056
30163 2579
4407 16274
12152 2485
20448 26319
30571 8968
13374 25934
8417 11418
9317 15680
15777 14064
21043 14875
31043 4174
5032 13656
10475 16364
869 14816
28872 17829
20407 27121
10626 26267
28750 24814
18366 22776
31744 16431
9596 16168
27586 12350
28030 18012
32074 4134
19009 11040
15212 20351
1238 17284
879 20242
2289 11713
29543 1748
28869 31159
24659 17181
9228 6726
29502 20640
4302 27593
10992 28478
8061 13899
31911 5812
9944 3322
14360 31218
18800 28952
13469 29570
17045 20038
31752 14348
16095 19334
17724 28526
12938 12195
18922 9617
30255 22166
16990 15655
11364 1791
15690 27983
1026 19423
22745 14832
13281 10968
7151 4336
1139 32082
19351 20620
2200 18182
4747 18334
14091 18295
30488 22472
32087 27029
16429 16643
32297 29575
31364 650
28631 10894
30316 14285
29117 29655
7857 20292
24629 9632
8945 15008
2860 25766
11182 28296
13862 5058
23351 15927
5630 27953
22216 21072
4947 4950
1757 5876
6526 4477
15369 352
14638 2389
32044 12918
444 10988
20618 7132
22141 25071
18070 29563
25091 24999
30055 29250
12409 6186
1372 20639
8944 18039
22988 23588
29462 13889
18366 24743
25095 3220
5609 967
13883 6964
17953 4886
12017 14325
6629 5802
2599 1391
26388 24698
21179 27690
1107 23676
11546 821
18859 2479
26066 20488
1611 9080
1054 22759
25979 19975
20942 26149
345 31588
3706 2057
16382 18296
24098 15723
17112 23010
14941 26697
21618 10731
1638 3353
4173 22725
25203 13184
905 23032
32110 18500
8492 2516
22492 397
26544 1703
522 10665
12722 26889
12418 4226
19947 29105
19346 3750
30445 4292
15021 1520
4871 19295
9251 16659
29843 9044
32074 1687
20185 30747
494 31417
31812 28676
30377 22984
883 25590
19712 30899
2359 13603
9941 32129
3110 22306
26597 29285
30805 788
20083 8851
25509 2908
11950 29335
31020 22583
20563 11258
9906 18437
14344 21056
11273 8952
1775 11954
10086 12156
25760 21485
20845 12443
1983 2932
32218 23955
24742 28578
4660 30254
395 12058
8624 30169
19984 12346
23602 6876
25311 7780
28834 739
9691 6888
18842 7341
19495 11464
181 28926
8603 12488
15419 21026
12213 10584
6395 14868
12355 4188
16244 11055
8456 12749
25093 24869
31743 28440
3451 15926
16665 24285
31173 32286
6860 26355
5052 17246
13405 26355
6075 5231
26258 22006
32590 21492
3593 5704
9890 6216
17272 15948
28695 26134
18234 25726
21399 21021
4180 17210
8728 24850
24369 20846
14434 7132
24378 31227
24814 19484
24716 5015
27019 30889
19614 18205
23907 26841
290 23205
6384 1030
27164 17560
10519 2313
23334 12632
29840 31918
24000 27513
15590 5800
12932 15600
14061 30022
16739 4542
9555 6108
4228 8686
26891 3807
30648 23840
14278 18029
19059 30939
15730 20662
22973 13455
26087 26248
25397 13539
8285 23158
28958 16630
32231 23873
21128 9124
13664 13525
19631 5100
13785 23219
27026 23857
14930 7909
25937 24908
23078 29206
17101 12229
25682 6039
32287 7306
20845 19002
9392 24918
8781 29128
20234 5583
14705 8243
21766 8595
13693 28369
18821 8630
32487 27478
2619 13081
5220 14648
11087 28556
8016 28296
1568 28187
2726 932
19932 1089
26005 23569
19930 29324
2141 2019
10261 7397
15992 16846
12449 32027
7889 29683
24395 31268
11582 7607
22256 27014
22801 16802
12329 576
28761 30817
31747 13898
14985 31485
22287 18913
15468 8223
10240 9450
16845 17609
1687 20501
19762 68
29752 14134
12635 27651
2491 21380
15625 24216
8249 24747
25322 5659
3707 20579
1710 21314
20033 2688
21601 16695
24918 9553
19002 4302
21910 2391
22891 3080
3149 23595
4960 9886
4770 134
21512 17593
9042 7259
32005 4370
10027 17292
5102 24558
13105 13734
16422 6812
23505 369
9923 5254
9555 15654
18043 28923
32003 31463
22291 8167
18051 2385
2517 27249
12075 22821
30079 24029
28397 21116
5639 29317
21106 5655
19390 10741
17551 1444
1812 3043
8298 8289
23941 11735
7891 17851
16547 9217
17383 7125
9509 6069
551 2667
25487 12026
3287 12624
973 22799
19347 31682
4571 6612
17351 7686
9128 23961
27002 2135
10422 10940
22673 2531
20382 1596
10812 30562
4921 4162
10231 28193
30860 14430
26454 10780
23405 23578
13608 29741
28655 24376
30987 186
7872 459
24418 15571
17707 16999
27939 18653
21185 28127
29722 17844
15639 8800
12961 7767
3191 20558
2219 23190
1202 1282
24861 28674
25646 24605
16214 5700
5887 21534
21993 14434
30004 13759
30756 13642
32296 14942
10302 25927
11004 20712
29510 7257
15022 26641
14433 9702
126 18211
19494 16652
12557 1328
25933 11586
17286 5437
26971 9378
23811 23173
4164 16196
29838 21048
3221 2153
28080 29365
17308 13523
20779 6315
190 14052
23754 3032
21244 14623
31273 23878
25204 7971
19555 11064
16499 18370
27747 4074
27248 10701
26897 18791
7070 31410
796 23967
20563 10291
23812 28875
2421 5105
19155 11824
14855 2611
17232 10140
1252 3332
11301 15739
26801 26456
12058 30856
2161 10533
21232 7038
25827 29407
28050 15363
6561 128
10419 28845
24951 27122
32225 1462
13287 27372
29984 18613
28752 28140
31470 14449
30186 30004
23691 10004
8091 24218
1982 2982
10018 10252
6893 23215
5809 3076
3204 2174
31019 12368
6723 13621
15084 23203
17809 6182
24793 28369
23742 15026
29473 20778
18013 22445
32447 26891
18342 8938
11918 7771
18021 20323
10771 21935
25011 24912
27087 16580
28948 28214
9068 25339
15776 2902
9082 24150
19752 816
15842 1109
21885 10727
403 12546
6668 7132
16068 83
7852 25009
12565 27986
17154 25872
18017 23334
7147 9397
4844 12337
4908 3326
6226 13910
5294 20682
21498 15309
16416 25046
3005 4571
17117 5534
12664 3408
3490 23784
16026 28732
23950 11342
4445 28591
19158 8335
17732 22463
2031 26303
29627 22576
3718 6939
27621 3084
18393 9012
1291 16352
20923 2040
7573 4294
7701 5272
29054 20237
16201 11191
22531 12313
8135 7382
15717 26977
16671 27293
20827 683
23257 18702
25642 17685
20769 26975
3218 20496
4080 6394
8434 4508
8802 25001
30271 16005
3474 16503
27692 26558
6104 19673
27055 17455
11665 14239
8763 10005
10686 28334
14269 29588
14506 1177
28150 7144
27639 2507
8901 31369
3110 31717
23951 17333
570 11910
28412 21454
15245 4044
23717 23337
8025 21348
2818 18003
28008 19688
15255 11580
8401 5926
7103 29525
3900 22906
25413 2484
1084 31537
30487 1545
18876 4194
16103 21670
10355 19446
23488 11748
2318 25598
14177 14438
32441 10342
30028 16996
28574 27681
840 12517
9273 4208
27112 7941
10423 13171
11940 19756
21301 11508
15700 9658
31326 7409
26855 31803
10784 8914
1746 17575
32013 13101
23441 15923
150 31686
26598 20702
452 28724
164 27436
2610 9723
22893 27276
14266 13033
24539 2066
11724 2798
10207 7473
6509 10284
19198 4294
21869 17292
30391 20942
4097 21113
20030 21065
9000 4247
205 13861
8528 9451
19172 369
27643 11138
24170 9298
11362 9142
11941 15940
23413 23087
602 22148
26442 29921
14444 19798
7974 15542
3889 12068
366 12071
16316 23919
5012 9364
18815 16519
16888 13540
24677 5219
14517 11763
20905 16078
32018 25880
16198 77
22226 22665
19817 16800
3829 15899
31440 1494
13560 11803
23872 2562
26479 13924
23288 7420
23939 31491
12265 9335
14554 8061
19824 4173
20251 29069
22180 7960
8038 19502
9398 5609
22409 30262
13392 29215
30707 26239
5273 12065
14627 11498
25422 29144
3797 8340
7062 15942
25275 27736
3028 19325
23498 7060
3362 22850
30811 10982
30483 25541
31150 6080
3575 7114
3561 20791
14261 16965
29031 1499
12998 19534
15909 10889
19227 5653
21593 19706
14674 26290
12848 14101
21161 17702
7784 3578
14558 24522
17296 5826
11906 12274
19387 15677
3701 15479
32444 22948
24445 17962
4728 28706
6829 4676
10328 20635
7573 26054
19577 31921
13254 22247
7180 32424
3235 1648
26168 14964
20790 17791
30066 10695
26373 32696
15406 16686
6865 30072
15266 15082
11021 31310
3218 19992
7860 17848
11136 13546
12698 15433
4911 30713
30368 25952
27599 12092
27056 834
18626 21000
31696 15080
15007 15923
32609 25302
22605 30412
12727 6705
5248 5104
25096 23748
8830 8466
22010 190
15621 19964
17908 1942
27892 20533
32625 15510
16344 22724
10958 26912
9223 2201
18124 9885
2418 24229
21874 17964
24669 25023
30128 1834
25580 29916
5613 22457
22645 1641
21605 27624
29564 5498
26031 6747
22255 24689
14647 25887
20030 5830
8032 25603
2721 29254
20714 26154
11352 5139
30162 9821
11653 3254
403 27521
17210 4466
6106 6015
872 7088
12586 27709
1689 30434
22356 5848
31733 23942
29773 4234
29835 18995
15480 5036
31190 32556
4926 3427
13248 9775
13028 2320
29841 24899
29363 13429
19444 14284
21371 2702
30412 20314
17981 1188
7035 32099
23273 7571
11803 5999
24994 20279
25315 8872
8659 7707
11134 23736
745 13586
15904 24380
16512 13771
27200 12976
27259 13107
15809 13876
1423 15863
17049 13452
12783 19405
26974 24084
30084 3289
23566 6010
14880 22309
30017 16112
7081 23540
4357 8382
32763 7824
21593 20261
470 16506
29611 16027
29901 27729
10823 12652
26104 31324
17960 27871
19188 6118
9405 12167
18176 16503
6046 202
16314 289
23829 3294
11676 23396
31218 28184
15678 11670
28175 20045
3303 16147
11107 25019
4904 437
31759 21929
17033 31007
4356 16953
29120 3452
19956 13762
13964 14529
14817 26000
29292 30277
20904 5877
1295 8201
19870 19355
6631 16971
349 15278
7528 9934
10369 11457
617 12431
10671 9362
26315 17650
21102 15027
28787 22666
4427 8289
1520 9983
7493 19244
25119 30812
6247 28397
14983 26414
10617 26115
8624 21615
31549 10966
22421 16152
28581 9150
18512 23038
7919 6485
21511 12060
1959 29020
4542 17529
27512 6386
25628 6063
4108 2236
30633 17981
11628 10353
3699 12848
1696 22243
443 12323
28474 476
9626 22862
13132 24288
30772 28138
7429 21051
17304 19514
4276 9389
15773 21845
27908 31787
1256 8635
26614 32014
9599 31888
11969 5473
27717 13298
25622 13663
14139 28158
18253 21327
12848 23766
19135 31385
19668 10853
30367 26565
3185 4205
26050 1875
895 18956
27589 21189
20437 2149
1270 21436
26910 30034
10565 13237
26900 21860
17249 3418
24745 8273
32037 2735
1352 4825
15678 18403
12201 21020
25225 13277
15150 15384
1572 18507
6929 16045
18192 29161
17831 27364
24631 19461
32698 11972
1063 2428
5844 26832
2336 18312
21045 30588
2646 1604
20007 22397
10648 18322
31599 32207
14824 3107
21612 13980
30025 16396
12789 28539
23137 15449
2143 30618
9823 14999
17425 2074
28904 10886
29196 23270
21089 31238
75 17474
7105 23735
9290 20083
19521 17753
20858 8121
22101 1578
17973 9701
5474 19358
2040 30760
28611 28609
10841 4181
6255 5667
16551 28265
18766 2391
862 12980
30454 7088
30823 936
21019 4790
22544 7344
15463 7773
9349 10633
20335 4798
24154 27320
25313 25807
21649 26192
30373 21157
26822 32488
27986 3859
6250 10606
23586 13985
21071 7111
8047 21274
26064 19125
26470 29066
4070 15839
26473 9164
13962 13417
7969 14039
7079 5347
31539 515
21671 28726
28447 29143
236 15726
26333 23665
4883 6484
13595 17152
5657 25953
12311 21642
17939 31722
14794 6012
15177 22007
2658 8498
22535 29137
1718 10627
11140 29612
25571 488
29632 42
15769 21250
12148 29866
3583 9333
26485 17029
10215 17179
6054 32141
31096 22525
28537 23992
13232 13121
21618 10947
7316 15890
26515 11386
8232 9034
9520 4887
4929 1034
22284 6383
3482 20698
30029 1665
18693 7064
24241 23746
23120 28908
18666 30293
21518 21449
1801 14435
25382 1984
17872 23419
2039 32696
8963 11619
16506 10269
11303 18482
24863 21435
9365 819
2482 28346
2641 6627
30373 21175
17317 26882
24408 20726
9406 3214
17649 13160
15142 11206
1858 10263
10192 247
11866 3895
14164 19154
4869 28370
17039 25466
26283 29732
25309 26402
260 28765
17174 27948
22063 30634
18591 1722
4936 13703
26861 27996
6435 22584
80 9236
9481 8293
12189 10270
29424 21346
16949 26351
19048 1524
31255 1219
27619 12564
8563 23795
18977 27880
25745 25735
27457 8273
21974 11569
6796 32391
22206 16068
25302 13231
21523 22286
32557 2017
23361 943
27294 29212
30737 7543
8761 13574
26138 29225
20253 3613
31491 1932
27667 6461
14733 24469
3270 22355
21980 3940
20009 10066
23298 11419
937 12544
14559 12054
12997 725
29937 5153
12695 7522
21094 27905
24361 21456
25067 14466
16396 11846
18307 23792
15494 11297
885 273
4214 18764
28829 22863
1514 24221
3996 19360
31412 2449
3174 18556
23709 11640
19160 342
28246 3637
25091 7488
21952 19840
31686 17390
8415 5581
16878 17227
17498 23907
9903 17762
7856 21712
13164 5965
25323 9368
11817 17161
2948 23968
2841 14989
15330 26657
30293 21999
29487 10809
30649 22615
7238 18672
24252 29567
14027 15651
6792 8361
26123 31523
20467 16693
22658 1211
10579 864
18023 15214
6413 22395
4617 20971
14860 9252
31251 19947
30756 12384
2232 27972
13875 28637
25437 9469
25120 5360
13722 6695
5451 31910
15836 7076
8285 25916
26781 5727
20939 18863
8491 12035
240 27352
3837 13106
287 15100
27482 2320
30292 31041
26909 29712
6414 11398
16757 19577
26272 31535
30676 30477
4784 31722
24871 13746
19473 13070
31933 18883
30919 7644
2227 7657
20763 31159
13490 6065
8385 21048
19321 8203
5148 5908
17304 13463
274 11563
10329 1294
31771 26544
25497 8238
21982 3789
16857 17602
3716 8689
16331 16023
23678 1868
258 18558
24621 11672
32721 13746
21949 237
6143 19273
32734 27096
5890 23448
24742 239
26784 16219
24455 23745
27532 19514
4347 13671
22358 11622
27645 8064
9930 5920
24478 18554
30226 10187
23931 16331
16568 30178
16684 13114
7441 22712
13393 16652
16889 13331
29548 5366
29109 10906
30419 21234
2136 23874
2729 1999
10061 24494
30412 30372
16159 19990
30177 22124
5688 13619
11028 21341
1686 22254
12199 27713
11596 9127
22456 25590
30955 28485
6623 19237
7705 27297
18405 4275
6272 9841
1567 21132
18738 16332
3555 31977
21334 2130
15747 963
22302 27020
16506 26776
21720 23987
345 28705
21527 547
29030 22802
9270 19715
14245 2884
7157 16973
26813 32648
21014 13430
29760 28380
27588 6985
9113 546
1507 16156
10407 24859
18866 23809
15029 26913
22850 7817
8364 15373
5408 11608
31321 4625
7510 14678
31650 12797
12679 14667
28095 25696
21307 924
7907 25088
25632 16128
32282 17018
9110 27139
18180 9923
4067 27974
3024 442
15815 26915
5754 11386
16012 21221
3131 4308
17106 23520
5420 2014
27710 29783
30707 749
25835 16250
32376 5847
22865 18701
13071 31892
9046 31974
27181 31251
31692 13113
7260 30204
8823 14738
3193 13014
17321 24835
15588 6322
8334 1658
31441 21007
21754 3277
19525 29379
2459 14822
754 19134
18257 25322
24527 13824
12308 27303
7648 18940
16377 11233
25970 14908
27920 25200
17267 29163
2716 12472
14130 86
21093 11050
14325 12804
9416 10078
24899 1081
20215 11873
4427 25651
6708 5704
240 28952
15125 19017
30248 7888
22796 31502
23934 23451
19845 17948
30420 8434
8518 22559
842 11784
24586 29610
6921 15167
16248 1234
13105 31820
24705 3695
9399 17530
13716 31411
17661 9639
17526 28841
27575 15141
5823 7555
25501 18742
27174 25667
15459 23153
2168 2923
32533 16302
31467 26754
27986 6686
5737 14947
18640 8325
25853 30442
29085 28037
4907 6802
2875 13977
29118 22433
29987 30450
16423 2173
27840 22721
13107 10828
13751 10530
26830 15275
9261 13518
20202 25531
7709 4478
12801 25939
23613 26347
21617 5888
12690 19931
1141 26524
16191 15565
13246 30258
32431 13411
3363 29669
7728 27502
5265 16469
31742 21480
2229 32096
24858 8236
12715 22431
15603 32565
26145 25516
31404 6447
26378 14995
8750 11326
26889 27520
25011 24941
5583 7367
4267 24673
19408 8945
25414 11996
709 24671
23998 24389
32624 2936
25367 16089
15885 12570
5317 8201
14649 9263
24256 3953
15279 8258
3009 240
25179 9399
16766 28018
19924 30761
6939 21034
263 6563
31235 32351
23971 970
3906 22466
5787 23828
3631 29271
4703 21670
30934 8947
12900 19350
27609 22423
22661 28179
4809 30616
25868 15074
13068 21576
9841 13023
19587 20007
19589 10102
11070 18053
7750 10793
1853 14974
11478 13535
2439 5484
14429 16181
2763 604
23027 27329
22739 30370
28219 12920
27994 27549
16356 21320
1575 8295
28300 26197
3530 21162
6446 15122
25913 14600
29574 14194
27730 27766
482 8283
24462 30167
30771 14911
9474 27225
24828 21029
1182 32213
26995 20281
8832 29176
4702 10582
4012 10407
31567 233
15353 7540
22138 5244
19439 8500
3499 18945
27226 14400
11800 3981
18891 18922
13378 9804
30831 28365
27809 5438
25719 32014
28421 22036
32618 1782
12188 357
590 3862
11402 10986
16231 15944
24442 774
19717 2901
17301 27941
31921 14177
330 29099
6136 18043
13641 13708
19146 4200
3445 8683
30719 12096
13877 31867
32222 30569
1664 26065
4282 45
15987 13066
13838 20513
23414 7660
2833 787
14964 7946
4278 1985
20028 15292
29000 10412
14611 902
9583 15378
27474 18056
17154 7534
5336 8582
1878 16609
16653 7000
20064 6161
26674 32638
7532 1134
1921 17320
25264 10365
12350 16885
32175 29543
7188 32376
511 28408
11017 21797
7087 10092
17626 5725
14305 24241
8082 22960
29960 16184
22345 24735
24606 17256
18390 16250
803 32136
9734 20311
4427 26068
22842 22082
21691 3833
32241 30028
19059 22200
32293 10492
16215 26146
17618 17150
7344 30520
13935 25700
17666 4535
21789 3513
19764 9506
8875 7410
27721 20565
13864 18608
7921 32146
3212 3937
1199 29611
19042 2685
13175 20258
13635 18566
2950 29388
27139 31251
24183 10292
14825 8308
11819 9082
18586 3848
11258 31581
19380 27462
13301 6211
5588 475
4413 21220
18064 8799
11482 5610
25868 4340
22906 24657
21278 6736
5218 25854
3377 15650
23956 29401
5717 18203
22049 3009
1823 24303
18996 540
6749 21201
21677 32297
20749 12338
21135 26088
31698 6046
10384 32617
24505 24797
31531 522
26374 13016
28664 3982
617 29752
15188 19852
22861 6334
30635 4468
5008 24684
13117 16865
16393 11758
24094 2025
28113 4375
10420 12462
12310 27042
19070 20802
21324 4048
17062 17834
21816 14932
11915 12957
42 22431
28763 27101
31569 22903
14819 26632
10728 3810
15566 27936
29961 27121
31495 6891
19351 25305
19578 9148
29948 31661
2942 5881
23715 18506
669 20002
193 12762
2425 12584
6918 235
23137 31188
25051 5720
9528 5189
356 3012
30132 25093
31984 30315
22851 28858
5237 18569
17461 9662
15541 2418
20922 20402
7637 6487
19249 21591
1406 7830
8064 21672
20092 8324
14042 31201
3621 12376
15387 23569
15895 3977
1525 12750
8841 15112
912 24376
1269 14078
16494 18374
6007 16810
23297 4650
26241 13644
21473 9777
31450 27648
3203 29535
27969 18775
31149 17244
8046 31590
2798 13767
26517 23941
6284 4321
28695 2589
16665 7197
25569 29964
14005 393
5043 31576
12451 4535
14310 31282
26163 1155
30690 12991
31764 29365
13842 25892
24713 30147
11145 21888
13060 27509
31830 4896
7483 19344
26541 27758
24953 24149
24542 19341
18150 6191
10724 29585
28098 30600
31755 25035
5259 21495
18091 29679
22802 4257
1635 31933
21052 14747
9489 12780
17674 1345
20689 8551
3540 25158
16540 14462
1036 28494
1916 8313
5131 19185
17018 12641
4907 462
21955 16006
12916 10166
14421 7277
6441 2952
17697 16054
28835 27493
28836 27186
2968 13740
6131 16757
31219 6509
2234 22669
30982 32253
18669 4150
16789 3344
3805 2920
18925 21696
31861 25758
269 31839
2024 13513
29568 6710
1435 19721
14139 25634
6607 30269
14259 17107
23614 12739
2639 12709
12194 25848
29999 855
4199 30863
1017 14019
2949 8004
996 19940
19012 2043
15554 1263
7973 21035
7987 12355
5222 9406
6909 22124
6465 11830
24567 21166
1107 30079
23159 27206
28059 13301
11397 20391
1643 32259
7494 12412
32352 4590
6631 8490
9753 18596
6864 22186
1774 17725
27129 14849
4207 6995
18825 1269
22436 10670
7982 10623
5060 23541
4075 31141
18763 353
32612 15470
27883 20405
24993 7339
15828 27466
13295 31625
21042 25579
10537 20157
2240 22814
29809 4900
6167 6447
17117 15865
26488 28601
19375 25097
23470 31549
31902 23450
6154 9464
29867 31745
6317 1268
28734 22094
20950 22143
14956 9263
29420 9223
32037 25493
30391 31658
5336 29080
12178 3792
32391 22451
14782 5898
4680 19000
9683 5483
14945 3813
2791 15835
17103 12046
1371 9108
31252 13069
22332 22319
31542 13439
6163 18983
17873 30812
27123 3786
7576 23209
12894 6535
12433 7200
26200 27674
390 17111
20924 3115
18950 15333
27379 23715
54 3285
16354 28748
18300 31304
11976 5917
24898 17075
15121 18140
21926 10004
447 9477
16010 29502
3935 13339
8246 28441
12785 30134
482 8634
23967 940
24655 19430
22715 18580
14561 24710
23245 6300
12215 93
17168 2455
20593 4347
14351 32289
8998 9750
6483 14796
28135 25008
20681 10416
7783 3614
12246 699
1640 8265
27694 3447
22025 26293
18234 17640
23941 3817
3910 8713
11166 3387
7734 21079
20599 31759
8740 22084
4113 29597
21837 15223
25639 32247
3092 9751
10448 654
8917 15339
18786 12088
5615 3844
21485 8044
11859 23847
32560 12657
16044 15770
4082 10959
9949 23779
13096 24679
21508 18689
1145 17207
16687 10578
20327 26783
27437 19780
2350 30775
10095 3585
7430 21136
29178 15708
6788 28915
8805 8270
24038 6582
17539 24847
15859 28118
20031 27489
13411 28953
13392 8772
19348 14555
8569 30077
17088 6908
4916 3237
6822 19438
7805 15009
30717 14252
10398 4216
12485 4739
11319 19201
11282 3754
31873 28858
23578 27139
23324 19137
27907 4221
18774 3947
1257 14488
21396 27343
30578 18346
5017 26310
8553 4631
18882 12823
17037 6501
11238 29280
15713 29520
508 22557
18647 26995
21365 32379
18747 9456
13677 11920
15867 13887
28373 32451
27025 17125
2702 17002
10543 24836
29466 7717
20540 19094
25596 15581
12094 4809
1560 4065
26623 27805
22031 2068
1678 12501
21957 10630
22548 20425
1545 2866
2550 5649
22772 29916
14149 29574
21641 25474
424 24693
11018 18340
1154 20963
25770 3845
7911 13247
8285 27330
29397 1765
14266 30317
8180 31075
18732 3454
6320 30728
3608 20275
17425 8869
5676 26380
19085 31574
23500 27317
12891 19508
7704 1750
5595 14045
27292 705
28035 13506
15271 2809
359 24663
22972 29535
221 8537
6496 8937
29210 6539
15408 10105
3716 13868
12676 21084
15633 22802
9543 3407
5157 28524
9800 17245
17948 10753
24257 4324
7133 13216
5113 6760
3526 7492
16027 28083
4251 3745
10285 22523
32628 694
14561 25693
14009 3578
26378 27237
30644 29642
25397 3152
20395 3033
13784 2430
6752 5576
18790 5272
12032 13885
21375 23901
19217 15557
19302 4635
27159 23466
24159 29587
22512 27018
30594 5953
421 3752
625 24203
27355 31065
1329 26022
28450 14981
20555 15111
20384 2436
16319 6579
30480 32414
15204 4928
9561 16929
7626 1738
31323 3951
30970 31785
4969 21068
24818 28797
20234 5390
3687 25443
18698 14820
29800 5016
20128 14380
16816 17588
24167 7743
7390 366
5294 21879
6039 22593
24331 14854
18805 13665
12684 22887
11187 17006
13035 17653
23042 3238
28682 500
15320 26729
31745 14611
28991 12351
29940 19104
26847 13038
13405 21338
10450 1469
24062 18697
784 16489
30153 15624
5744 19588
3827 10070
27721 16929
20166 16862
17362 17994
11956 16081
30690 32681
12265 10935
30037 26913
7184 9436
30773 24116
25585 20587
6518 8456
24944 16878
32502 7300
26888 22328
32396 5477
22407 30714
14809 27350
12578 9806
25885 32170
32082 24532
2698 23806
17952 11578
21015 32736
24083 25137
12957 19021
27475 16901
1010 19473
26774 19650
9211 745
6220 20893
18840 8840
3422 28627
5664 881
282 15998
7763 31549
22589 32364
11175 10462
10429 7772
140 32188
18440 1745
18644 13096
32569 13147
28 19654
20397 26576
14701 9238
18076 26617
22476 774
1655 21498
4727 28140
26921 1937
1532 12489
22951 16741
24513 12706
12125 611
2354 24652
4981 30566
10944 20998
7883 4783
31358 10970
20208 28278
22126 13292
14064 5518
27014 11835
7207 15720
17655 31742
