8000
22897 727
18818 18001
15930 17250
31465 984
797 10353
15953 15201
25637 7756
26276 3860
21714 32091
20594 28990
26503 3037
549 17171
25324 21664
19641 20547
23723 10582
11307 28755
13987 13853
31103 30125
31109 29918
7502 29799
12231 31904
6892 23455
27315 5102
4424 401
29391 16262
19297 25019
9423 23125
12020 19847
7625 1978
12560 31662
27650 31348
12432 23865
21223 8869
6018 10766
7798 19563
18701 13520
4208 20029
25129 25593
25992 31521
15015 29554
21804 22614
12972 1545
21390 31225
436 24991
23886 29015
27596 12994
4092 18767
27636 7261
18027 25313
12109 887
14405 25823
13084 30808
23634 18613
17368 5446
2231 16857
6704 32383
1159 24035
22493 19675
11899 22550
18798 22927
3154 3016
21783 13628
20887 7244
32555 16651
17536 6146
31969 11898
9937 31942
17788 12286
17731 803
17660 2387
2001 19962
11229 24365
11273 3161
25709 955
23883 23172
26188 11740
25366 27035
1513 15202
31851 13487
19633 1299
13197 16621
15794 18833
31118 23135
23936 815
3201 16082
3275 8829
427 5200
8359 14504
15458 11700
2103 1301
13042 6574
840 28289
10723 5641
19126 2351
3651 9807
26428 5990
24822 16846
7212 9453
10269 23173
6486 31148
7211 13468
18668 9761
24264 7638
19337 27028
28327 6955
13527 21438
16961 8602
14242 14367
16719 27682
4722 599
6590 20370
4449 31149
7835 31412
21816 11662
10043 18102
31568 28302
5296 17252
24891 17468
11727 29560
3746 11459
130 7287
15890 17273
31641 17089
12004 30130
30729 15591
3192 16725
15105 4550
3193 7639
19301 22940
8274 25009
20544 29343
13826 7075
24543 25839
22630 5950
17407 3503
10791 26377
10883 17536
1858 26679
24042 9755
25346 13861
30584 22002
26553 28538
3411 12922
3093 29746
21989 22710
19284 11365
18441 9764
2836 344
6292 10215
13717 25467
19077 23698
8467 24506
18416 29958
6945 10325
24184 9689
31691 32291
28061 21999
2154 25475
22455 31470
21411 5246
16611 11675
21437 7927
8271 2283
12497 24274
16972 14561
5492 26212
17949 3280
471 13959
24283 3598
13287 7416
6939 15698
4931 12209
4918 2231
934 7083
12327 27371
6277 22343
30270 28937
31220 27714
19221 5772
20332 10948
4393 3424
6704 25824
7015 22342
25938 7176
14590 31296
14227 6456
18666 21527
23758 19156
26238 23582
18184 24690
14265 5796
1966 24461
19406 11768
17539 420
11366 5859
9283 5104
30928 15760
5333 15988
23162 5174
3703 31272
4961 4983
26511 17929
4316 23625
14440 17500
9422 30552
3582 32622
24316 23687
2686 5548
5966 10956
16815 20225
25329 17333
324 26096
9317 23489
28661 5657
4160 32479
4694 32363
17525 9122
32745 31205
15936 21839
19625 14417
14272 25356
16274 23207
28755 5822
16776 18961
6417 1955
19286 822
26918 31745
22467 19610
25267 3467
3177 18359
17955 29428
5781 7871
6307 2711
24551 5759
20176 22244
14833 11409
1849 1682
7502 31108
17300 30604
32557 24276
25096 23717
22695 19076
5917 19247
22712 12393
30753 31183
27844 25890
994 15939
18651 856
6615 7302
29544 10435
21844 26790
28470 11608
9947 23693
21528 3205
27479 27247
18196 21317
7624 19808
6286 8124
20516 13542
11958 28999
22120 18500
1672 7033
7887 23112
30412 20323
30758 14500
8523 27189
6029 19835
10759 4224
7427 15976
10455 32286
20836 2139
21947 28651
4006 28458
9231 28232
24462 24520
10253 21187
28218 13815
4160 11926
32249 3338
17839 1804
28993 30239
17305 26360
30585 2253
18228 28065
27584 5245
7383 28683
24565 15651
11340 29328
24793 28569
20323 20572
8992 16488
30301 30576
9733 4444
7780 1695
3499 9216
6688 25619
19211 32490
1975 23993
19289 17029
22272 20203
16117 14104
29753 29655
26217 7915
3717 8327
28897 18243
1963 24038
21848 5122
9564 32264
1190 31581
8028 17345
10195 4687
4411 14714
5939 29406
13666 6384
26587 25228
6564 3172
60 9937
17850 3550
11875 26277
11752 21565
12837 8005
13126 13715
13210 1918
730 22688
7264 14401
19088 8759
23473 17458
14097 23497
29881 29410
21870 27762
30934 23699
869 28434
31982 30992
24501 18717
7516 11091
19094 3484
17199 20353
22269 32220
22140 30407
12041 22999
31758 29404
14095 31130
21858 22463
19106 28191
23186 18973
9903 8209
3874 21351
19574 10773
29488 3090
14179 11308
14792 4237
24590 506
32725 31989
29630 14092
4325 22098
18733 8902
7265 3314
25775 62
28251 29122
15328 12113
20320 18668
7252 25231
3235 24195
27283 26824
5366 32722
4192 8693
9199 20156
19377 28781
10106 9155
31251 16238
25140 14429
17742 17218
17278 32404
28759 10748
22861 12762
31430 11318
3780 10413
1839 5913
32737 7014
6969 29122
5046 5334
25491 11161
7175 14245
23399 12099
28337 17280
31707 21883
6334 20710
20347 16680
27427 23612
3605 16339
27655 17521
27932 2266
8179 31436
5683 29771
26124 8148
13482 12650
23811 31170
12647 6204
18303 30985
15496 3279
25162 13871
1815 14434
31113 31495
22340 22162
5733 25773
10525 25946
28212 621
32055 5691
2695 3623
11769 4969
17619 28818
27221 25251
31454 8662
6880 7099
10378 16988
30860 22374
4039 2772
1500 32673
22066 2385
28156 23840
17017 27799
28419 5915
11606 12461
16082 27705
32675 14299
10348 27851
20333 17527
26189 4801
11900 19018
3240 300
22672 22279
25049 1331
1237 26712
29095 26549
17620 23303
18334 24485
30398 1869
14330 13984
8922 9235
23532 30410
25494 8828
26356 1114
5915 13058
32077 19776
20075 17815
7325 2548
3877 9980
3923 32374
26154 5112
28413 250
24735 11008
12877 13980
27962 22364
31599 27205
24846 4118
12946 22364
23478 17571
30629 6533
26308 29391
14440 29937
32483 13616
23594 21763
21369 3591
8703 27516
27766 14756
25762 4350
18328 19732
9329 5870
306 13524
17642 8161
30523 25152
9956 30586
4351 21235
17857 7817
4987 30659
11506 32297
21292 4702
8293 2331
29847 9894
24648 16997
21347 24846
11811 17644
23514 6908
20430 21138
29297 23821
16204 5305
3123 27054
15520 26161
1211 7472
5362 610
139 6196
10898 16866
19197 21431
31325 19192
3420 16278
8357 23204
8081 24765
31671 20167
8538 31594
22646 19335
24638 5069
32121 6083
32244 27759
2464 14874
15484 686
6883 7826
24690 15621
4285 17779
4202 11121
27399 2841
26046 7620
32385 2987
23152 1358
185 31290
17856 31689
3989 22829
28913 9727
4720 3343
18215 28388
29073 7182
15007 930
16552 3187
20966 6930
18051 20837
23679 25167
20 12681
15667 16956
18314 32406
30927 6052
4972 18498
8560 16016
25741 8961
12302 4704
324 30459
4875 30517
31448 29397
32584 19882
26812 15233
3301 20783
13183 12095
24776 26978
11167 13202
12839 7674
13727 29480
15211 10999
27013 18699
27659 23769
28472 19985
17678 7194
4945 28796
25426 22551
9666 3624
18857 25243
13259 3709
15802 22158
16370 26441
6874 7810
15484 27535
24248 19713
30710 29209
15140 6690
30460 24954
12172 10032
17226 26163
22192 29848
19632 22169
25793 14851
7327 29298
239 11881
1273 20584
14256 16041
23849 17641
12407 21130
8076 6567
3009 3889
10577 6017
30971 18149
28179 8268
1664 10377
7458 12639
2039 23856
5940 27091
23620 27833
6947 13265
1083 23857
7130 8218
25857 15339
3701 30979
4777 5498
9385 11775
17793 7785
25934 19962
28229 15997
26372 21345
1217 29893
20983 1064
28153 3254
31087 26921
7420 19004
10095 5268
13484 8501
23838 17225
15437 6575
12071 27539
6546 20215
28000 21454
8649 24339
7569 21165
9741 4111
1236 1173
2237 10956
14211 22217
16371 30388
16625 12531
17797 23789
32290 26720
11178 31282
5088 23362
18132 26614
14060 17157
5844 24678
16250 9291
30454 14491
18601 23818
24989 7429
18385 19837
9287 27226
24845 32596
12359 25658
16679 8703
2655 30156
28669 16202
6795 13831
7676 988
18145 24928
16837 21736
31025 23989
5714 319
24135 28711
3373 24315
11383 16357
10814 21756
21584 20670
13559 2892
11593 1174
31330 30238
13674 14248
28080 27231
28217 20467
12626 2989
24724 13596
4816 29464
29783 22980
18924 10528
2074 21149
4739 22295
11283 13457
1360 15551
18443 100
1272 14920
12389 30034
11516 32602
27064 26061
13762 6827
9814 22515
3342 26388
23083 1769
24750 8158
18685 20097
8479 10905
434 20759
1450 13216
28767 11717
11815 2808
17726 14443
11709 13087
12920 30116
23410 23225
30050 7216
29729 4403
30792 7095
8865 304
8460 21108
8437 846
11751 27145
15138 16916
30133 12183
23900 16586
19394 26133
7808 2946
16031 4354
1701 19517
9973 28950
3399 25109
29513 7256
14351 359
663 27536
15875 23214
24060 9121
3498 24312
8462 3043
15226 18634
2453 5828
31959 6358
9304 21847
26199 7000
26515 25334
21517 27898
20241 3721
10977 24914
25273 16987
11756 25327
15772 25934
2286 27631
19177 7066
10109 5784
24418 27637
696 25335
31693 26871
15950 32655
6887 8229
796 9380
4512 635
4357 22311
14456 24753
8971 15332
7890 6962
127 20727
15589 23663
30729 2413
8198 1997
29632 8069
635 32616
26719 30328
30215 32329
7789 9902
19280 4335
4970 8583
30894 23792
15776 9325
24656 12581
19543 24747
12707 32546
23442 19668
22081 28295
30292 21402
29471 30277
30125 27158
24717 30107
29667 24077
1210 22165
26500 4687
13270 20490
11514 31469
8025 11395
23976 27290
19271 32681
32461 10750
30418 31976
27504 23134
11770 19730
17239 25028
19417 8472
5812 14597
5905 11367
764 2710
7397 7113
27603 27262
25962 20665
32060 6348
872 1221
1133 23269
1250 20143
19350 825
23960 31666
18630 14088
6347 2963
11435 3100
17695 25764
4362 17246
19954 23600
30713 5126
32389 27352
15250 25547
31896 25584
26803 14542
5044 32766
20142 27937
28762 6293
5192 6725
20811 19953
22916 23820
26920 27156
20153 1583
18827 11848
2679 24514
29640 6014
599 623
26171 29260
22076 15848
30390 25298
25297 16110
11280 2665
8958 12670
19393 7274
27227 14149
5202 7438
1827 17375
18956 32123
11204 21979
13726 5016
11030 13882
14505 10597
7089 11628
27476 7907
438 29165
12506 25097
27760 25735
5636 23787
31059 3952
18101 25030
32466 25517
10123 23303
22657 1524
23503 29079
1328 1093
14975 4460
15056 12359
23987 29480
4621 22145
18541 18694
11024 5057
30791 31047
22065 6017
9967 3660
28690 20355
13106 28066
18601 28387
29912 23227
19540 8491
9582 20648
25107 20868
458 24557
21269 7394
29537 24443
10370 25888
30945 15311
13589 21392
27410 28969
32628 2886
23239 4608
32675 28549
24170 3576
26804 18507
26996 21315
9194 13577
1676 3812
28369 1534
8928 2133
26576 16869
9990 5696
21007 4180
25572 8169
4369 1828
4712 20213
24822 4230
13 27949
31526 24728
10466 24181
12729 25563
6371 4695
8507 21923
23456 8045
10178 4108
20975 32382
5312 3988
8166 30966
6366 26317
28143 971
21183 10735
14964 86
28036 13236
5195 14977
6391 26795
19589 15661
20356 19118
8272 25958
1236 28862
201 31726
31342 11415
15401 21176
19375 3885
30200 23567
24536 25741
3708 25577
25661 12952
26186 18672
880 20930
14956 31381
14275 7269
26387 1776
27734 1863
30723 1890
850 28969
7617 30924
19331 32192
3308 23016
13816 5940
31679 741
26316 5583
18534 2618
21290 19211
7372 11953
10568 22168
29437 22327
24103 24841
26704 23055
24946 19071
15273 24660
22815 25796
25219 22888
13135 9380
15318 28525
29266 26949
32532 14228
16847 22814
9258 18299
30251 5368
27535 16628
6188 8052
126 24205
14492 30290
16592 26829
18720 6669
32463 31863
21982 8769
18147 24915
20673 2350
29299 698
14926 17170
7217 29064
14595 31771
4371 16473
333 12079
20129 31906
23342 6521
4042 20253
14313 5067
11736 20634
19730 267
9034 11430
3578 8945
11293 27181
27877 24249
8651 7825
4121 10034
9039 15868
32340 18714
30791 13408
12547 32673
6425 18153
5637 3122
8188 10468
31102 19951
20218 19922
31353 18064
27007 29250
23664 2162
26412 5534
13357 18774
28808 2296
18162 17478
3425 5078
18486 17735
17639 1447
19600 31033
1387 24065
1766 25238
12422 9573
29495 99
18163 32638
29121 28079
30242 12404
17936 20018
6023 23885
26179 31293
16005 2062
7141 11572
29306 19428
20876 25627
23892 14178
5476 7707
178 25277
2081 7242
7342 12598
12467 31576
26887 25503
5140 8821
28837 24360
15478 23076
21603 2091
4154 8888
20460 4839
24265 11295
4153 16999
31178 12372
20080 28043
20553 3887
11128 20256
86 22634
21442 18468
11204 12553
21373 15560
7153 16345
6652 17443
19533 22631
31517 28253
323 23687
2213 19210
3441 24589
4194 6366
1641 1852
5737 24272
11760 22192
12058 16865
2566 11846
24399 733
16291 13769
30114 13005
30447 23444
13306 3997
32249 17213
8131 12056
31264 32572
24394 10344
16708 1938
3788 28587
20090 18349
7775 9526
26389 31850
10929 19833
20564 28954
9956 2560
15563 4088
27532 7301
11296 13243
30454 8069
20125 10778
10584 5818
16160 18622
20561 2209
30794 102
18451 24349
1106 18118
17199 26224
13290 27494
23681 28127
30687 1087
5173 868
8169 13483
26725 32703
8005 19465
30242 24410
30227 28130
13986 8059
10268 13620
13720 1778
26125 8294
26410 32172
25629 27232
21959 10842
6202 6151
7238 12871
13739 4120
17604 12410
12346 21906
8602 11560
3201 20352
15715 6077
14134 661
14282 29699
31475 24401
32695 28002
27405 24832
19297 26338
4411 20266
26417 8487
21356 10614
14734 886
13296 2326
24232 32336
11127 25641
13226 65
6141 14329
14990 28939
25870 20273
11907 29270
24504 24576
16641 11833
5402 19142
6639 3171
11656 9814
20428 289
1174 243
2569 2393
1963 14468
7342 26799
26865 13090
27417 20568
16741 237
20510 9641
6144 9842
1651 32416
11482 30648
17022 18293
21462 16885
26699 23659
23947 350
593 14358
16749 25121
6822 3163
29962 18712
31801 14165
1964 24058
24293 26451
3323 18705
28545 12035
11684 9466
7345 30197
15721 23164
7282 24367
15258 4416
4766 1212
15568 6438
31559 5360
8521 32318
18261 5612
19777 5716
29773 17293
10976 21742
7678 21299
567 14299
23765 3455
885 12249
2647 31111
22709 16606
21020 9927
11138 5200
11638 25785
31145 26706
26255 10428
16041 6899
12613 11750
29043 3049
24789 9617
30917 7252
21550 32468
3156 31482
10965 12548
10890 4039
20643 13610
23537 833
6031 8896
1914 1906
28613 17668
28094 290
7187 22099
1082 11368
14416 19799
29416 30124
4607 6438
6137 27564
26280 26157
5939 9291
13328 4476
18086 16827
17658 1204
10099 8854
10761 23690
8589 12011
12300 6605
28704 3916
15283 19485
6517 29785
27142 29699
3368 3165
30729 31749
25140 9506
18795 24242
28716 31077
15135 32124
561 14033
22886 27
23717 10658
22670 880
7483 32304
3453 2201
21686 3418
436 18736
15666 28204
31369 27578
26559 19035
28539 29331
20805 18930
17238 14567
13924 16752
30786 32373
32400 14484
25142 20905
21783 23348
22885 15043
17244 29264
32682 26339
12306 6164
1601 350
27926 27971
14237 201
29530 21718
7881 10009
24574 17566
1552 25117
24724 5732
20216 32336
20472 24357
14939 12589
27633 9488
5983 5055
31392 12110
18272 5898
6248 10930
6134 19871
20072 1408
23124 20371
30378 16836
1635 31004
23354 22185
27917 3185
2754 15311
6900 15364
27952 23226
32712 21837
26892 22818
2159 5928
11825 25518
3681 20432
7536 18073
19479 9813
30184 27607
11674 9835
8072 27795
17213 13307
16493 31426
13969 12362
27724 19245
9703 20869
9939 22909
12960 9648
15575 4062
29578 15118
2781 27400
12704 492
10303 10317
5155 32184
9252 7720
2746 16829
30137 17322
15979 19960
32320 13861
339 29948
18048 27277
17420 10042
19691 27985
32048 30378
12729 2499
29897 28859
29350 15510
25826 9834
9251 6884
14605 30981
15042 18501
3056 17351
4542 12412
26273 19036
16215 4095
31371 26610
3886 1497
29482 16024
13635 23575
26072 28761
24852 26363
9106 23202
269 21433
28317 2163
376 9519
28018 10153
27503 15418
27828 31073
17340 32045
3372 21332
15175 788
2283 1976
17998 19059
9867 31764
27758 31633
25229 3170
26372 19841
8505 1567
3728 26640
3390 4054
14207 4104
19520 31406
29712 8943
8220 14579
3144 14285
15072 11590
13564 18318
4610 17355
16352 31562
30426 14476
17646 11342
31181 22887
24454 11250
5121 6920
10974 28182
32285 8511
7150 25179
1356 19038
851 4094
18377 9574
21164 3993
22311 682
18038 1961
756 26920
8629 1621
12961 31182
21300 26273
4754 11376
18294 12987
8401 9875
18384 29266
21678 7917
26955 25533
29627 23032
32606 27804
31796 15237
15918 21003
22962 21340
15491 1189
2808 23718
22132 24120
17625 15770
27144 10665
23651 22379
32253 12669
9168 32050
7200 17870
10636 30846
21112 1386
29189 7494
22730 20949
9186 28218
16789 5881
7068 32148
23098 32281
23632 9876
25644 12461
23124 8490
30868 20019
32688 14008
13289 30354
15455 9087
7167 20489
21874 26090
817 28277
16457 18296
13747 23545
29426 25643
25023 30536
30050 3727
13602 15352
27813 20914
29404 6477
26497 18168
32175 27503
25090 26416
2737 12697
418 7779
1102 9902
5410 22292
7821 1917
25463 21867
14742 21566
19333 22120
25846 6996
22348 16615
4762 6679
13156 17392
2793 1397
28901 6884
534 2199
14897 21222
29001 3269
13171 15315
4838 30101
32019 18581
7679 12657
1454 24713
14066 22421
29417 20787
4635 7145
13824 18996
3621 9395
10793 26979
1096 6413
8612 6925
28147 1628
4895 23507
6053 24380
21714 18066
3878 10891
23546 20964
12908 11556
1210 25000
13021 26975
1351 30626
16855 17654
27050 15174
9384 20475
26886 5074
11999 10478
12107 2729
26237 7377
31757 17000
2298 32288
10413 20703
8898 6176
17730 1192
26191 21807
16013 18941
16798 6445
24097 17362
32536 884
21357 18378
23452 9151
19630 15476
18204 2682
10058 31737
15968 11672
11193 9048
29749 18266
24441 21604
22795 5881
27688 9404
28343 16219
22662 10932
28294 12374
13259 13992
32371 28062
4446 1849
17324 23054
25737 24076
23044 2761
14433 3028
12074 6246
24512 25624
14462 9057
14936 16186
25591 4490
20707 9855
20787 21165
773 10602
24594 16312
11607 14030
15877 24196
14484 16052
7361 434
3193 7454
10480 30404
3881 17624
10482 22552
31609 28393
11811 24942
29430 13776
23631 4633
25798 17370
27972 11649
27962 26569
7832 19797
11227 6800
22852 23710
24142 25711
396 30212
27849 27334
12191 10874
659 31730
27354 22671
14846 32267
13276 6396
11029 11509
28877 4141
15790 4059
30628 24080
11111 10983
17784 5692
29400 22336
15278 7869
5314 20775
15340 15674
26548 394
32122 27532
17434 27207
26707 26710
337 32281
11021 7215
11354 11367
15426 7132
31210 27142
5359 13285
18977 9552
31888 23143
31010 15610
3617 14399
30071 3558
3950 18957
13720 23852
18291 3304
30012 31155
30667 12229
19444 30349
8949 8921
16051 30798
25174 24373
4890 14495
24047 30531
20907 23867
6709 23167
4797 19150
22706 10324
29281 2102
25952 26655
29959 10233
8621 11476
23704 27204
24786 6521
15440 10379
8409 967
25340 31490
13216 814
31345 30230
21329 4496
27661 19483
5866 28036
5593 32459
1794 28571
22459 2105
12338 27744
6454 19651
14086 20957
27476 30156
7768 6105
7072 10148
8871 16177
16989 32411
29872 22087
26581 15567
2283 18432
13701 21476
21166 8148
3952 19292
21398 22960
17937 26409
13291 967
21923 24389
21776 27377
713 16632
26780 29545
12953 7784
7428 2884
24969 29941
12741 4531
22964 18784
7491 15023
23169 3896
23189 28657
18848 27119
20761 11818
12783 4016
28406 1283
28658 1939
18572 17413
14189 29371
4388 12583
15466 27141
24315 11814
16346 7668
26452 4287
19310 6541
10435 1176
29833 9710
4062 857
12673 15912
19929 24823
26106 25455
27394 15566
212 21995
18600 13197
25781 14402
8776 22986
2034 8480
16146 322
4609 18378
24919 9832
11006 23918
861 2587
3443 8071
23983 4924
29745 16114
8802 11145
26711 23083
12311 3428
16625 26922
8557 30911
21131 9637
18115 17331
17653 23163
8774 1495
11327 22260
13411 924
3511 22331
30402 14273
19197 6952
23065 21619
32762 16173
6489 31867
2528 26705
20860 18801
16945 19152
28789 29415
13979 5307
28470 14138
15633 31630
21123 4475
5399 26958
16522 1768
16039 8909
15861 14156
3008 2467
18640 6159
5258 3001
29706 25130
11164 7784
26936 17799
14447 28107
646 22959
4328 28424
27285 29114
823 19961
14150 15642
17408 6222
15129 30672
12059 678
3145 30989
4381 15067
18067 21785
14146 9637
17422 15006
37 25308
20647 11591
1781 14482
10138 21293
17640 6109
26068 4656
20298 18461
24682 7451
5355 4937
5615 7044
5266 17414
32480 8760
30544 9646
19283 17780
17 11921
4463 3936
15528 52
14535 25108
13634 17309
23417 24673
29327 31272
16965 16718
24168 16857
21794 8880
15922 29523
14168 27408
3399 21189
30835 13881
31659 1174
13096 17349
21286 31677
31729 17557
9898 4045
21352 13495
5399 23530
22033 12002
28719 1960
18815 6231
15109 20120
16874 7842
2481 31032
19454 31042
12157 5881
7055 17520
2100 11047
9955 20151
4939 23386
27429 8916
22411 14837
5598 16015
28015 27809
29767 27632
1094 23967
11320 15815
23655 16204
14469 28194
26470 26137
32018 1154
18674 5858
16905 6304
26456 20774
11392 26861
3008 31393
13462 6054
22067 25419
20459 19060
13923 17316
8516 17459
507 15018
31222 19835
15262 24161
17531 12924
14078 8963
14819 16780
23084 32750
20755 31723
25815 16771
15398 32147
5433 28823
21473 28860
15151 27498
12047 9166
26625 29075
11326 20564
7632 27131
18525 9781
22703 22892
31854 3287
20065 4012
3993 13906
12862 10382
27152 24748
24127 5908
1964 9781
5874 29560
24291 23438
32604 21025
17333 3570
24132 26460
20822 28657
5671 31762
21887 6580
9865 28372
32382 20972
2112 29930
7544 3608
28357 14972
20881 1927
11708 19717
16508 22843
13512 17582
5838 8030
11600 13349
7041 23170
19060 2963
1958 27863
1675 24730
20333 23846
12051 11540
8702 19949
23557 14161
29132 16244
18171 19145
6095 17244
7320 29879
14692 22601
30630 20833
1413 20528
10931 9463
12425 8454
3551 29990
21951 14383
5462 5224
16764 9517
29464 17512
31671 25464
8939 20253
6631 28036
12513 27110
24220 12727
2559 19834
7898 6145
26674 422
9884 9311
17764 4836
2057 22309
3925 21315
26539 24008
757 9386
26896 10534
3230 30219
17705 25800
21070 12169
6511 24337
4295 814
20646 30731
4108 6854
7277 28544
5087 30782
2849 17159
6701 22851
11397 4907
28913 10626
20010 5167
15699 29668
27121 14139
7173 18929
31097 12057
3627 28241
29055 4841
2803 7922
14775 16933
12710 6911
4924 22050
6442 17797
7879 7774
12679 13143
23767 19276
24443 8823
5725 11011
25150 7376
26303 77
12134 32323
27795 24633
29472 15762
23682 24082
8248 32276
6420 5690
27740 20958
5987 11343
19117 1415
14556 13866
376 31796
7852 5557
16568 24817
32193 13575
13652 8951
8506 25730
17594 25785
8780 3532
27614 14300
13807 32460
5382 3095
24052 20225
31568 355
1769 30039
11136 17918
16945 16323
21880 11510
3561 24796
5602 5679
14631 2987
28715 19255
12271 23135
26667 13543
27843 21051
20742 21515
24608 8883
29108 26124
26478 15893
13163 27908
13059 28247
11803 24300
3041 30003
22030 915
6594 6602
9588 27632
14118 21223
11589 5536
19079 26389
14671 5490
27003 14153
23034 2647
28769 18844
1969 19374
14515 22480
17958 15132
6663 27572
24808 29762
30675 9705
16305 14071
8935 4500
25724 25893
31428 23053
16674 4546
10034 17738
31892 31345
1223 4268
23111 22157
8764 29993
19706 25080
7443 23279
18083 4898
1891 14107
23810 10124
24194 32564
4297 7348
473 360
23413 30021
1799 31901
16872 7318
5897 11831
16098 15995
5384 7118
4344 6442
31520 14148
4659 24049
28947 6196
20301 22742
97 30836
30633 11344
18691 24289
24649 2163
32183 19164
18296 15294
22612 1215
13044 2399
18395 28507
2857 29142
2815 23777
5158 7201
31250 1568
7763 9815
32555 27428
25497 28062
6640 32651
24173 23361
25525 25329
11726 16054
31346 24941
26154 30020
32419 21189
16928 6429
2805 18045
9055 19785
26984 5620
7187 14212
24027 25468
20127 14948
10243 23814
23698 12856
3450 16881
9443 15102
31154 28973
21145 21167
18420 29731
18154 14530
20960 18073
3351 2315
22098 23763
29381 12407
26619 16315
9014 3801
18749 17877
8924 29142
9229 28991
13105 32620
14954 12677
8882 22549
10949 13341
10306 30027
11789 29368
14674 28458
30771 32749
23745 18023
30428 20102
3650 20359
24159 24278
9389 12663
9036 10139
6363 18311
18163 18265
30942 19469
9249 350
13691 7057
4316 20196
16797 23995
19686 16105
16085 31469
16726 17690
5023 7063
27420 14385
5897 8672
21335 18810
28950 15284
826 30371
15867 2546
22013 18989
19339 14042
21098 31262
18692 262
24255 25412
8750 2720
1423 11175
28863 24833
31896 18147
32532 1120
9792 26547
12591 5660
20944 31127
28729 8772
11318 21771
7993 11829
25869 563
31825 27331
27591 14198
6843 17748
20469 19079
30252 15591
7657 21890
7268 26349
27467 6784
565 7033
12694 4492
2850 13154
21926 869
22640 31577
10639 475
1038 30632
25194 3741
17940 97
17843 20016
6326 24783
7606 5543
27433 3812
30159 15263
22048 1934
8966 24857
29347 22611
2998 21658
22525 32197
31007 24922
25397 12399
10262 8877
12618 26436
26531 2687
22703 30556
22571 11607
17151 29029
72 30177
12671 11815
13748 30229
22319 1952
24561 22712
11601 18899
18327 27557
19712 1359
13758 16565
25442 12343
6012 24018
26705 5292
3079 32541
11381 16639
12902 25648
23058 28530
7579 12972
10433 2961
4911 21325
11270 32752
18883 29473
24263 22871
24230 4441
21007 11209
23550 5220
29236 13680
18970 29560
29334 23175
7047 22048
14929 7946
3710 19947
151 5219
8180 11287
32612 10584
10567 13091
9797 11113
1215 29450
1123 1292
12499 25445
30663 22128
3041 3282
75 27133
17539 22010
11289 29409
4588 24586
11765 26218
31437 8296
19581 11916
22500 6848
19940 19424
30537 298
29749 29735
31027 31752
24429 30870
20231 10759
14041 22323
16687 23272
12513 14116
10756 1459
26044 23800
17252 15343
23639 5042
16956 15920
22769 10452
29876 6687
6985 9942
6908 27647
26630 3965
2068 5169
15926 18290
7845 22299
12803 29968
11315 24532
25992 25314
16348 22070
4646 19267
24309 833
16751 28283
5968 8496
15183 6753
16693 3078
30723 22168
26132 23602
28769 24584
10108 28200
17731 11928
9127 17951
9716 30534
23079 20443
9744 2939
22206 6660
7491 14390
9904 13746
22242 24243
30994 15873
18949 4658
26825 14919
5754 16903
8720 20188
15621 1754
13682 18826
4010 583
31115 22810
10484 13725
16664 21428
28088 20228
1849 6104
19850 2811
27052 11753
27624 9326
13982 25279
7431 13804
30707 8040
28228 13183
14935 6661
25485 11081
11662 28618
18659 29496
10454 10011
31437 29143
16602 27116
453 26758
29567 18451
30202 20302
29628 23852
16365 25058
6095 10841
18880 23794
4209 4034
10695 14339
25418 19144
14993 3411
138 4314
14325 885
30026 10590
4940 12995
6984 13861
32310 5393
25693 3783
27635 29744
22035 22554
627 11231
2257 28130
32164 19507
1079 6466
25608 10090
13500 26498
30812 7835
8720 13638
24229 12368
25361 5978
19839 29169
1793 32343
3359 19381
16358 27487
17272 30995
9457 5624
985 17899
4639 11714
18178 381
10471 5717
32215 11020
18853 23969
4841 30258
9859 27571
782 29068
25468 2453
2029 20620
7234 27261
21979 5387
3613 23590
29214 6483
24382 13070
24785 30199
30580 29020
1970 10194
21212 8283
32252 1416
31674 7298
2103 4324
625 8764
11215 2885
23505 26093
20586 13242
18629 30737
21560 9798
16281 22242
2546 18005
15436 7895
4146 27329
4754 13249
21530 6114
7530 25967
498 21016
25338 6435
15199 2599
5485 25964
19288 26412
6887 28988
26959 7107
16904 25517
14990 15750
987 416
8311 17534
12094 16423
29672 12457
18571 16849
10049 18434
6683 26099
32532 10545
13145 32019
25216 14964
8607 18630
14849 11736
18841 15495
8243 9039
24790 2978
3395 23233
8001 25775
9431 11704
24160 20095
4175 6334
24768 9964
3295 14224
24768 31449
30702 3060
18023 5146
23774 23149
2118 26630
9358 5854
14894 20960
23936 17599
8066 6915
32690 27329
6267 16065
3391 9354
15686 30427
7622 7567
21789 7688
6368 10917
13976 13788
18934 4303
27453 31999
25862 9939
15794 29569
17760 2452
20051 30688
4834 8930
3492 28115
11411 4757
14109 9759
7417 14803
22368 29795
4714 15040
25955 11388
25177 11083
15384 7164
6396 11342
21280 10070
6871 32257
1940 4307
2226 24631
794 21991
17338 7060
11815 4285
14044 28749
10783 25924
22950 21460
3733 382
11771 27665
5979 29686
4084 4179
15521 21361
31432 10478
9968 4034
8339 5534
30165 11908
1131 10563
17623 30958
2476 18469
14449 29438
22593 16518
5211 25233
25615 12777
7673 8942
5862 4617
8796 13650
2244 9946
20424 24316
28348 907
6441 30391
9532 3919
14482 3840
2029 10661
29128 32104
28773 4505
21023 10811
3275 18600
31375 26235
2410 28890
739 6279
19929 8270
18216 9535
1082 22171
23079 5872
3496 29431
583 29518
589 13026
23686 15063
14400 2618
7123 20047
30856 10407
29005 28147
21613 1364
30253 27613
1125 24021
32292 30992
7758 21052
10456 17739
23609 8839
5503 768
30287 27103
7363 6084
21145 30876
726 31047
18327 2779
13184 7849
3229 16417
17779 9422
4266 24840
16095 15265
13488 5389
26441 15618
590 21247
30086 4130
4897 24200
18536 2820
8902 2417
524 25897
24175 30047
57 1250
9098 9736
26151 13239
22659 12325
4399 11163
26427 26925
32314 20492
3343 7148
28395 25988
30117 3931
28131 25712
28530 2247
4662 13899
7027 4663
1944 5184
6435 31203
8170 1999
15239 15533
27858 1552
12713 5129
32055 32255
19980 6373
13522 31600
24820 23323
27255 9148
2092 22170
24415 22617
3747 30620
2517 29077
1494 10773
9207 4459
6458 7927
23458 17375
18927 21695
26825 18548
18036 31638
5245 26111
24944 5248
28569 18765
27911 16995
6398 23057
12906 30001
27855 30813
27121 16651
27422 30372
2064 28614
3774 3862
21235 8520
30216 27231
13012 7395
6265 24272
17616 31046
3527 11510
30273 9791
26787 32097
22385 25415
22650 416
31228 2522
19172 17736
15341 25582
21429 13827
17688 17403
25923 25202
19666 6156
13550 23370
14875 32678
30955 19815
31323 32489
9514 1716
1044 28829
21475 3534
3950 23429
25952 11358
29094 2409
27992 12355
26182 11666
29069 16652
9085 11103
17258 22226
12827 28751
28660 30808
17854 27703
27425 26849
28563 16410
12470 4172
7704 29607
20267 1178
12535 11653
14062 13450
25805 8862
20527 9285
25936 19221
30322 16829
6286 2254
31004 14813
12852 19114
14048 26895
20975 30706
14349 8706
12877 16769
13609 26817
27996 20579
32230 1108
14558 7764
16624 13524
22807 7597
26816 4384
21212 15976
18229 24371
6416 27498
13843 16464
10592 19266
17204 27891
3829 31566
15568 31551
25602 16704
4514 29176
30284 20831
28593 3978
17502 12075
19670 12450
16833 7542
23517 13719
5322 5278
7 8977
25441 11736
31000 13849
8971 3264
2063 15437
14222 12798
29502 17630
14039 7055
27884 1250
5226 11554
23629 23710
3391 22728
30268 10533
24250 20224
25500 21018
29995 29572
8539 25506
6586 22667
25932 6773
22210 15557
28356 27993
12856 3663
10718 25089
26337 26893
5680 5835
29545 31563
21522 29310
7074 168
20392 19024
7273 31324
28128 13124
5861 4500
27165 3900
10673 12447
28004 20330
15557 115
3778 23591
15914 28411
22538 14497
20332 9482
8279 28218
24759 17109
17277 29799
16056 31833
30389 4900
18022 23328
27826 25748
29648 23883
3563 22224
9786 7553
7668 31566
22390 25341
20985 11446
25941 5535
15018 10754
6206 13507
30614 23295
20327 30965
30030 15124
20022 3615
26941 27650
20631 5278
29161 22000
11455 17512
25063 32725
31524 21239
13813 32731
11409 21145
26681 2030
12784 4583
18088 8930
32225 18988
17185 15935
31057 19785
23400 14448
9331 18313
23591 17574
6805 29962
14705 19985
19941 18259
6731 7002
6964 18696
7075 20543
22573 18373
22955 987
9917 2588
21575 8274
24208 9375
29158 5993
20439 22498
8044 19792
4597 29768
26961 31633
18850 11403
29662 8899
15899 6022
24719 3626
24167 22862
8468 31792
12 13973
16560 31421
6929 9927
19300 5368
11361 31137
20866 15691
2716 31798
28799 28909
27775 7314
18715 22993
31892 13856
19879 15608
19234 15023
5118 11831
10854 10633
24606 13584
12239 10864
20791 8397
13765 19166
17534 7324
23015 25124
24155 5631
1773 25730
275 20187
10411 29547
10636 18988
1829 9537
24558 30513
9575 21061
31694 29676
10493 20429
31293 23532
31929 22730
9127 19315
26637 12926
5281 26659
32291 16884
9847 29435
16853 1295
30842 10120
29108 27265
4033 8710
6454 30937
19231 28591
25498 16030
3690 18159
8924 3222
25951 2217
21530 8084
21010 2311
28969 15401
32285 26290
22958 28493
29788 9363
19481 7044
1540 27862
3803 15822
13990 5573
1397 10257
26287 454
18611 26893
30116 29978
32193 27533
2851 23300
25611 20954
3588 23859
17382 21813
17537 3104
12465 7573
14616 14557
9650 31946
15001 16156
21728 13453
23710 28989
29444 23125
17252 17229
14438 15286
10053 14599
5132 13862
2049 12902
3994 30741
19786 5638
8740 21377
28948 4556
19111 21206
20385 10795
26952 28761
9445 2618
31607 15913
6269 387
17616 28282
10802 23519
5351 32052
13147 20853
988 10481
8456 15196
20832 4982
26357 28242
29 29573
18012 22537
565 19141
15133 5630
8248 27515
10659 24579
24966 7087
2602 16927
7677 9813
9096 13402
1488 13027
23508 22243
4672 2476
7457 31964
27437 25505
22311 1045
23580 27467
13839 7554
13184 24146
18892 28970
20782 21431
28518 29552
13710 12979
22790 31118
11754 21387
1645 31886
21362 13242
15717 25154
24349 26033
18769 23172
24215 19018
13718 8311
15865 15029
6408 27555
23758 29049
17711 25298
22081 11772
24751 13460
11812 3024
24410 14773
13892 23566
4039 26055
18440 2488
28519 19754
10159 10023
29041 14521
22832 1606
16635 9990
4776 5930
2210 23041
15572 28532
7537 19920
613 4887
7909 32287
14293 12423
3220 32319
25606 28185
30671 7260
27012 11279
21300 26423
8175 4403
6009 17574
27562 31007
4168 22644
12918 32336
28102 6379
26297 28488
608 2872
2392 26910
6567 8518
8068 16685
12102 9787
17045 907
12187 10004
3661 11289
15692 720
18293 11836
10075 21701
11576 13086
12656 14243
20620 24492
20213 7991
10861 14150
8292 20820
29338 13252
29935 14857
24642 4637
5545 9270
19275 8919
20208 17730
18448 22934
2001 3133
24832 3972
17059 12074
26318 3639
28131 29713
4935 14169
28318 15575
3628 15796
29048 3843
18698 197
4835 26217
2718 10573
19492 10378
28106 21991
12158 6933
10064 13787
17760 14158
26232 2127
5764 2050
31763 19781
1184 1126
16702 3931
19727 29500
574 20328
20526 16007
9455 19272
29845 25359
2968 12173
1398 16569
23500 31074
12094 13554
27712 796
2923 29854
31902 21178
8192 8686
9812 30898
2060 9374
6107 26512
14074 21786
5026 6679
25951 1831
27190 14481
26652 23028
6830 30156
28463 28048
8836 30328
31124 7790
4876 3781
24959 1279
9965 4011
2141 383
9757 19777
13521 4201
25987 15863
22542 27595
29424 31011
12725 15725
5986 23845
21234 6609
1890 12814
10373 16930
24718 10726
14506 8731
10010 29594
837 6696
7079 19973
6981 2978
7177 16835
32696 20502
15328 398
31407 22471
5429 11985
3063 11364
17973 11413
24225 24297
8460 19861
30588 1832
10563 412
30004 12325
19021 20571
7777 30839
1048 26099
10165 14758
2492 8226
8622 10094
32563 17820
29806 7262
18626 5224
16637 102
24400 3832
23694 8094
9926 91
503 21513
1069 20487
8289 30506
28578 20088
13420 16064
30822 29627
5086 23583
910 545
18366 13706
20968 707
5931 15405
15507 6828
10658 22566
30660 7138
7230 1583
23094 7817
28302 7731
5470 24163
11485 3824
19888 1280
30907 24903
15720 17942
18487 3224
16930 16628
17335 4086
19491 5131
11957 23266
13064 2230
9368 22614
24195 10957
18773 16596
24328 14523
5917 14308
18133 29796
31076 17400
9537 5254
23194 29214
32438 25255
9116 8915
13001 16599
21731 26452
16949 32491
1952 919
23531 30011
8202 11320
27915 14960
29483 26973
8514 19474
16501 2633
20034 26647
31900 14811
11256 29569
22057 22327
31240 10926
27525 31171
24854 11475
11197 16487
17407 9035
6279 13149
24467 8171
23131 14479
8685 19615
6320 19845
22477 17200
11078 22822
4864 9742
6544 10211
32537 16120
27046 28599
27003 31010
9716 21805
5525 19091
28124 20911
1293 22930
31100 1636
16116 25759
12607 21462
8541 24799
9232 18926
8981 31016
7991 20311
30520 13845
29963 14535
10367 30288
28530 24241
13279 4601
23690 5477
26389 18802
8964 19047
20682 27682
20674 7297
28757 4031
28830 513
19439 4529
2778 5294
25603 28418
9494 10769
25302 23354
20876 6690
30931 2900
7500 16637
22114 11441
30242 31190
17469 15736
10650 6437
13734 5384
9415 31324
31835 9722
14252 5476
10768 18505
14156 17028
27796 3604
26957 23648
30339 20331
23230 15064
31701 28501
7174 30730
29151 21046
4016 4649
11086 13853
19237 14666
13221 24818
1773 28650
1358 12288
30793 16023
285 12126
15729 12181
3062 28079
15643 9917
24981 632
29134 6104
4067 23913
12192 3541
8188 450
14303 16208
30872 19272
11323 774
29422 11325
23613 13094
29116 30780
10138 21637
1049 29399
24711 25865
3015 4110
4742 7585
13690 27996
19142 1107
4646 17755
18205 31334
14774 12832
32104 32509
514 12877
24202 10660
23753 29934
27948 15046
3917 20100
16732 5317
31182 4964
9074 8676
16259 1430
29424 13815
14922 29949
14936 15797
14362 19567
32399 372
112 29136
9245 31737
9628 626
30559 680
15727 612
20712 25738
31055 19642
24604 4677
13351 29468
30896 912
14725 29611
26791 27553
10581 29645
16445 8958
9331 24943
21311 16078
15046 9443
10068 30556
31236 24672
25285 7860
831 14194
1067 13228
17906 31886
28587 25672
26582 31255
28099 26714
21500 8540
5418 22122
31080 32081
24255 21864
5173 7644
17088 12799
10588 20217
12122 27156
2247 9056
23250 4638
17867 3078
2197 24318
17221 3004
1492 30782
24729 11036
19576 29592
18945 13460
12772 24994
14089 17258
24903 4260
17060 19260
6710 9222
3609 27646
3935 18831
23467 5856
8934 27184
18733 8567
11571 11129
9142 3187
14223 13064
9887 1102
14560 1030
26022 28832
13321 27332
31590 7343
26603 5455
14677 15881
10761 545
19374 18284
24140 14696
9113 10074
18642 305
11432 27846
31031 30211
10506 20574
21674 12485
13515 20393
16456 3467
30797 6771
14112 29778
2466 29621
12733 7948
8491 17142
2659 23494
5422 27863
5171 26798
27103 14533
9611 23811
21253 5769
26341 7875
20361 31760
19384 15249
18714 1107
7876 3074
83 16745
13597 21988
29937 2549
19689 26330
17056 5659
756 22349
16378 22478
4242 5925
29736 10714
16481 13853
21729 18220
17213 10056
25303 9321
10428 3831
6903 11250
27993 18305
7526 6986
9533 8821
2385 4694
10352 29223
18803 19439
9150 11108
17031 2414
13126 13392
27244 13998
32218 29606
6893 16206
25525 16665
20496 32196
10677 3186
21489 27397
1616 5902
14723 29014
941 11147
7603 17106
3778 11291
22397 26404
28816 12926
26317 6661
20659 9174
6013 20794
4231 20111
4009 12906
12333 29756
173 24503
19131 23010
28910 21663
17908 20747
31894 10867
27973 18849
30141 6729
366 31750
11909 19771
26431 29181
5588 5459
26253 14323
1667 11601
24505 30482
27471 5674
30175 4071
27079 27643
16537 16539
4517 23223
1323 1678
20525 3645
10372 29294
28277 17899
4902 10736
7150 7418
12877 31331
12887 12736
24337 6362
4077 14553
20225 16073
20144 31547
26423 17632
1402 14457
4913 10193
11871 5920
9563 6234
2761 32396
17527 19935
30671 31037
5688 22427
20991 5053
17789 18563
24923 1109
15660 9358
25431 29001
27779 3119
20751 12807
27264 21435
31626 22153
28071 32175
5642 10730
10357 4867
24800 8401
6669 27882
17540 22703
27756 12357
30919 5764
6872 12776
22134 23075
19307 22532
25651 14797
27604 14317
2985 13633
3018 22101
21507 1842
12572 31089
3188 27149
2783 22928
18041 27988
17924 9453
21808 2815
8579 12913
25690 19958
10265 15449
5215 15055
29852 29570
11121 30866
11731 24687
14019 14104
15947 14749
13069 2759
29908 28517
18676 16257
11477 32690
9374 3951
6766 29401
9546 31180
18372 15343
30793 2467
17522 28635
25438 3241
1338 14606
6524 3792
17895 13069
27816 20544
23303 1075
29590 8117
24372 20443
20364 15500
19451 3082
32484 29738
28151 26217
8793 9261
11728 13754
9622 6819
10058 29248
11087 2294
6084 11397
24464 17610
5387 23979
25052 19512
27629 28688
16364 21876
4609 19234
22317 3961
930 24060
17508 22032
31293 29082
10067 26301
352 10254
6735 19690
21982 10410
21805 17821
2664 28064
19275 13503
248 8049
3970 11558
667 27875
14342 20335
24294 5274
29332 3892
25922 25225
21538 14073
7606 24448
1933 31605
18526 7956
18364 8669
26488 7739
3037 7403
20904 29150
4430 22310
1101 21152
16260 8400
28733 1767
7041 30600
1724 20261
12719 3607
17678 27646
19328 1488
326 25282
471 21259
29926 18851
26590 18836
26239 23647
20028 29625
19168 14374
2759 24458
90 20268
22035 19017
16850 28823
16317 29074
32679 18572
13452 29034
30522 17591
10106 11
21270 30847
16931 10576
29412 18430
9308 10752
7611 22882
4489 29337
21026 26777
14278 7246
26261 21116
17171 3544
32619 10342
28915 719
29752 32531
17353 9600
9609 27507
25585 27458
5267 30879
16542 9747
20500 1910
24790 25849
22417 28111
22121 29277
3756 10676
31791 3631
7175 30015
7590 16193
16912 7025
6788 3738
13336 13897
8636 24141
18830 22945
21058 1454
11202 24097
26005 4831
30678 31702
27044 18026
14536 20328
31003 16396
20027 18290
15538 30027
13451 27201
1459 23129
26865 30363
11492 8247
32387 7435
30378 20128
21580 18450
9779 18669
23499 13
31713 3015
21042 21410
8970 25990
9618 2811
21102 7206
4464 29645
24077 3871
26998 17915
15511 25537
1015 21097
28530 27001
14362 635
19084 26141
12042 3174
3187 28861
31876 2774
24182 2132
28122 20151
22961 385
7589 4971
1850 11294
15165 12053
29968 25927
18695 9397
30494 12711
6945 19709
20342 26257
19629 21306
24480 6659
2753 31671
1678 27665
29797 1861
22012 25859
26242 25151
30122 12204
23498 1063
13116 31970
25131 5897
15292 10316
23025 11057
30766 13017
6505 29970
18507 18342
24999 26134
25039 10220
5119 27751
29612 26715
19807 2147
27298 18855
31060 13281
14344 24654
23857 21789
27686 27458
5007 16219
27277 10211
23226 28032
25234 25274
10847 29731
23099 10974
21193 3080
30831 15371
9319 26310
28457 27674
13762 29125
9637 22989
14876 12053
1076 23979
18670 5964
22184 28760
6203 23678
18941 16692
9197 29429
26394 11408
22381 20045
23125 16726
32095 10807
4350 21187
16092 8647
5003 40
23027 29852
9139 14640
5852 5136
11099 10213
6204 24521
15432 516
17206 12407
9068 1604
13011 26403
13681 2695
19419 2625
13430 4037
25222 18747
27392 17780
17818 8547
5633 32394
14267 8079
13213 14770
24981 20118
11872 24312
24828 31185
10824 27302
28906 9267
2902 19892
22587 9148
11773 16583
20621 9237
27982 25203
10214 13076
21624 22607
22234 28033
3343 27255
9256 3733
23849 16556
8100 1470
32655 2952
30254 159
9425 10710
30602 26391
2773 12327
28910 20420
29657 14544
6981 16762
29839 24872
14711 17193
12457 18694
13180 4176
7907 15800
32355 22436
23906 31754
1939 7688
7847 23792
1736 32193
25818 17272
29599 32336
19990 28589
10366 25741
9736 16878
8984 17345
1772 6806
25498 23693
27867 14229
30028 5911
28345 3006
1993 29616
4535 19482
10508 3933
3359 12382
29653 12242
11811 29175
24997 26483
19457 31799
15911 2595
19940 29192
3231 24893
15819 21712
3173 28728
1870 10917
13923 434
30050 30216
16931 15917
19850 1818
14198 27437
6910 23207
19616 11082
4799 18722
17752 11844
14439 24254
20679 896
25789 1611
23323 23909
19868 8841
19757 26496
26928 21738
19187 913
16830 24211
26027 3350
30787 3911
27119 7457
18539 4931
23651 13968
25810 23338
14824 8636
9531 7481
9092 2734
26643 2553
11393 32413
26141 13742
2714 31150
32063 20302
11747 21901
25251 16125
20036 5005
12462 23270
28199 14388
28354 31002
21571 19081
27715 21398
28877 3626
6361 4479
7033 5202
4848 235
13978 18424
16807 30989
18525 16692
5824 16101
32226 30270
2506 31074
21577 19496
1115 14969
13202 17007
3319 29470
18099 2004
5631 31034
2745 14209
19409 11990
12225 9776
28200 24257
22478 26203
10126 12240
28341 8234
5735 15951
14258 27799
14526 8241
23208 3066
20071 15641
12342 3641
5646 23390
21655 30441
11881 11275
23265 24398
1407 31290
22779 2721
28923 29605
9078 12488
20722 6282
22231 4651
32448 26455
1929 3720
6786 14207
29848 25136
28777 26855
17476 9424
7096 1654
12927 6365
30761 18978
17499 3423
6143 32169
29007 7511
19999 2299
8579 5317
9966 7952
1640 30811
1764 9647
23854 3568
28702 8549
2635 20933
30355 24710
26363 20112
26475 4685
23661 6523
9945 24469
23869 8393
15903 16088
18385 20110
25425 3133
11086 26964
25006 2622
12267 12724
16290 26769
2551 3352
24285 12225
4167 5186
25296 21872
26557 30530
4284 19004
10707 17449
25842 14227
30313 1809
21917 8976
12110 15931
10127 14573
17195 23194
3151 2366
29135 29460
45 19440
31663 31684
4102 24329
13434 3063
824 29398
15636 7224
24673 5109
19336 26341
28148 17746
26723 16883
45 17297
31870 6064
29258 10172
12537 16297
12990 32407
19080 8905
7821 13036
4598 17977
21038 11923
8554 18032
25254 21863
26972 24188
17762 17158
2137 13539
30420 13142
30439 28858
2155 30464
7869 29540
13070 31411
31052 20404
29308 26061
6328 17363
2573 4362
16285 10924
28954 23610
12706 24839
16259 21441
5830 6909
20446 1252
14394 7965
4057 18100
15797 12066
8840 6210
4853 23664
11300 21908
15200 3138
20501 7841
12203 21528
32450 23073
13916 28486
20558 28637
17309 26622
762 4048
5301 23139
31105 21208
6539 19695
31760 2393
8601 22334
13230 7833
29739 13454
16590 24530
32371 12173
934 4325
27396 11805
7524 616
29253 8545
2398 28080
32129 13796
4166 3158
24366 4663
24358 2502
4895 30906
20473 23349
31180 13495
26949 936
25464 28153
7559 10771
15096 25068
4104 8491
9107 9723
18266 11628
6942 5592
19386 20662
23820 6302
10965 23552
26055 15419
13556 2554
25904 30948
11676 1261
2195 24317
19703 5857
16628 27660
19959 27260
2985 31722
8678 24064
2923 12090
17682 26944
14837 9863
16165 4301
27852 5890
21307 27128
29683 21140
19319 2095
3356 22818
14366 30996
4086 5549
442 1303
28561 20712
19667 20400
11695 31544
10868 28343
22518 14618
24482 28550
83 4588
10478 7878
2240 27935
16306 31783
1111 31923
21972 2858
1085 4465
10015 3571
4872 5171
25883 10455
30855 667
32211 12781
8357 9783
24400 10312
6094 30875
2696 16113
23991 6175
1343 13172
12187 26229
25385 17647
20505 13298
17764 14588
18160 21591
26760 27777
5465 23032
23697 19875
32656 3554
13335 23142
685 8245
6353 4966
21079 6777
12952 9048
22218 12302
5764 14293
31940 1638
14937 31148
12969 19679
8501 32699
27707 31127
21393 2494
22367 405
3957 12323
2696 22257
30500 17291
22257 3380
10157 4084
13132 10568
22870 23108
4634 2582
4220 28632
27013 3808
23485 19155
19085 7214
5574 31986
1711 14025
14431 26965
6522 24079
13567 18386
2910 9216
12594 11300
15384 25168
2969 22752
13093 28515
31097 25837
21702 17727
21533 2548
21702 15947
23161 12251
11470 8020
22044 28735
22934 13182
4494 3706
22092 29454
5901 18061
29359 25003
17402 18496
8479 11976
7724 20369
13439 21572
6530 6052
8599 2374
18321 28064
7546 30301
5554 8715
4682 19017
32197 27598
31304 27614
24299 3924
21983 20628
12862 30200
15927 18575
30549 30264
17866 24406
13209 5505
11557 31305
910 19738
15033 20156
17690 19230
27943 22579
8827 23243
18072 32625
27470 8257
12179 16608
4469 19002
16434 1395
19968 17331
14826 32361
23999 17751
23256 32692
31228 4441
24177 2044
22199 32136
18599 6443
29023 7120
30363 13776
13632 5083
13341 15667
32275 8336
27336 25518
26914 3975
21306 11001
10596 14113
31862 3365
3288 1826
6265 22349
24394 1747
1116 30443
4119 13824
20944 19716
723 373
5457 18539
1437 14355
22689 18796
11547 945
4920 17259
28260 5692
19806 26224
29587 6087
7911 18899
8482 106
1853 14177
11853 107
13931 2969
22683 15970
16344 2106
20643 23406
4993 21799
7828 22080
23023 27682
12172 19373
25066 27943
21398 7664
13751 12103
31002 18218
18324 21663
3071 6715
6822 20177
23145 14922
30892 20753
22858 13059
3697 14469
3499 10734
46 8690
3603 11327
30699 23069
18246 15776
23438 22996
2332 6875
25094 4422
26083 565
7279 10651
30827 29154
11309 14101
2086 21203
1493 9433
23900 24944
2909 5190
13878 27400
5958 2955
26025 17482
489 3890
26886 11502
18377 23927
28347 29216
29780 10702
21354 21662
18049 4292
18393 19412
7846 29357
6023 20477
12652 9339
14530 29921
24554 15562
18517 28406
13119 30513
1634 11773
23273 13608
4766 28521
24968 8884
19586 345
22007 21981
26273 8171
27581 7287
3877 11898
32373 2660
11998 9898
7053 12259
27821 26526
22165 31605
29349 13569
25343 2518
16124 30984
26736 15849
24731 20891
21234 18937
8150 11549
19718 10474
17761 1654
13552 14533
17191 21637
31533 13159
25418 29189
22946 5817
4654 20470
1272 12345
14863 1236
32218 26613
9694 30987
19109 26187
12356 1656
13205 7576
18048 20506
22160 157
14688 3043
24678 2944
16101 31877
28298 23442
29260 8750
29220 18477
30822 1145
2381 30490
24337 12916
11137 1833
28018 1264
2920 30246
5054 7607
28113 16124
16279 23102
26143 17505
20449 30967
30077 18052
8728 3781
12531 25606
11317 5219
6364 8984
6705 9370
22287 8745
10576 31042
32304 657
30901 5828
13435 2456
18580 3186
26289 8780
26283 2092
290 19663
4949 13963
17744 30365
23205 13677
18894 30273
6488 1753
11123 25258
1234 13193
11469 643
1298 11811
17637 11004
13460 32198
2617 31070
7081 32038
1361 28904
15801 597
14558 1651
32015 20750
1658 32302
29808 22451
24204 20552
13043 3529
16721 2560
3202 14275
26084 28190
6425 4498
3929 10954
9258 19886
19155 6545
2682 16337
16935 20517
22166 18483
6464 31493
31027 21414
11096 8122
28674 28066
31594 2533
5092 8948
23224 15548
10969 8292
12790 16541
27494 17394
4511 16718
23263 3983
20320 23667
11415 25945
11662 4486
3211 814
22227 18126
26247 1469
29535 556
3088 22152
31101 28360
11141 8180
16472 21556
5328 22110
6736 29260
13211 53
4036 11247
2145 3707
29653 24355
28841 13560
14373 8546
26670 32050
752 3831
4387 20148
9534 30286
25879 7473
15653 7868
29422 4254
26362 32123
28615 1981
2035 331
11577 9059
12765 6069
30424 13720
27281 9649
18195 26497
25780 8885
12716 12096
32245 26531
24050 17101
24575 9012
16878 17160
21412 7459
6814 13531
15512 15008
15337 2662
11719 17545
23615 26912
7866 24484
1366 21272
15000 2378
11263 19559
31656 8014
1776 23977
8311 31132
7377 25824
10217 119
7577 24253
5017 31630
13871 14391
17053 20529
5306 29206
23350 28772
20490 28921
17426 31216
827 21854
8647 32427
7672 12088
3298 7534
5899 9446
2503 11607
11725 13276
4762 12720
11583 19302
926 9777
30304 25452
21890 17979
13982 2843
31764 12473
10922 1703
23558 16422
16080 11747
23833 32205
6972 23750
429 27129
5969 12869
26145 2932
15652 17694
4227 30905
7913 27234
19917 5153
23130 5450
8294 9040
21513 4346
6047 7289
23709 32433
11411 29605
29041 7022
30770 2475
29604 3244
16113 31199
1362 2807
20499 9489
7627 17015
11480 24727
29878 15538
20989 31397
7671 20242
24586 29281
3801 29182
28847 30633
27470 27511
1764 7491
9967 23744
26987 32535
30967 6802
9607 10333
19823 32330
16576 30107
22065 27448
10220 28056
26684 19174
6647 31207
27721 1586
30769 31231
29096 31522
26264 26849
1571 23799
14774 28029
27797 11536
18339 8994
19328 25997
25558 27946
25284 6382
1063 9365
4652 14580
988 11281
9721 31337
156 7635
6100 4673
3427 30923
25005 2429
26226 29691
24953 26575
5344 8233
17228 19983
13212 23683
18863 3787
10167 6003
15367 11378
25959 11228
22510 20019
18587 26947
1813 32229
4136 18744
16900 7913
10340 7561
4485 9137
2945 3799
12031 29439
16655 8289
31971 29257
275 29865
3100 18065
29443 10442
21668 18467
5719 22635
16813 11409
10872 24307
10282 18627
26538 15006
22567 27180
3550 4110
7907 27050
23722 6493
14781 19938
16428 7609
4707 13985
32048 16703
27143 7807
26272 28724
18591 16045
27454 31992
23530 2635
21260 5557
20563 1043
28223 15032
19140 10361
4645 31772
5498 27047
14219 28365
3207 20279
1495 30645
14580 7913
15720 776
29499 8956
24999 9224
8449 15321
17956 19685
25242 31977
251 6450
21480 13037
23396 28474
27479 7853
2133 28041
23638 209
20486 16350
14229 26845
1989 21982
22756 28807
4994 17710
26932 19486
2038 29994
16912 2614
1822 19993
26441 9385
22422 2073
30545 15152
23005 13050
8324 25256
25465 25136
8718 31960
26039 13184
2397 22947
18985 28026
12967 25152
11869 23979
21206 7132
9744 13908
1134 5349
14733 11566
13637 27573
9958 4386
17436 11414
3903 194
25330 25759
24952 29366
9781 1281
24226 18222
13482 12179
4562 10444
1655 26449
815 16431
30337 22861
28209 10559
22124 31469
26275 10175
14559 2992
14406 3464
3658 31996
24988 18307
14906 28987
30268 17173
2627 24688
4098 21726
32168 16109
9789 8658
25087 1056
23916 10604
21162 22658
21358 19356
29531 10519
13511 14867
18331 11321
10550 27916
13456 21988
18208 2771
19943 28361
20280 15707
4666 22568
5910 24378
267 4066
5122 15697
26302 25354
15243 29036
15625 14695
25214 3835
18702 12387
23709 5956
1103 4264
26250 1492
4262 14560
10154 11691
27399 24203
14004 30434
22043 32063
3362 19912
2840 22310
14895 8483
4752 29142
11068 30139
1207 20378
32765 3513
9470 19907
24169 23705
25198 10573
25131 17653
29342 29458
20894 2518
183 23974
23269 2129
22039 22224
11767 26631
2347 24879
21253 26661
24033 7098
27474 32321
3068 25238
12378 27472
18411 12536
23107 3778
21431 10840
7531 15472
17988 18005
9212 28423
30550 18170
7627 32481
26344 19820
11932 19395
13289 28689
3018 416
32738 4553
29791 30492
25198 3037
15571 9400
13178 10840
21678 5911
21381 1841
19846 29209
24863 6603
24773 29056
28769 22644
9697 32398
19026 22346
18266 21629
22046 32313
4097 21285
19010 22015
25050 1121
10519 11439
22279 7852
13763 23698
25539 11188
7630 2376
8977 12616
8905 32491
22368 983
612 4907
27253 32065
20926 19639
19183 12751
1269 10203
32216 23279
24398 20277
31717 24499
32349 2151
25849 21227
32416 13345
15721 18619
31235 7277
7002 24696
25677 7373
12281 29368
28667 26290
13162 6765
19514 16824
27027 32343
22853 20783
8294 26476
18206 14485
16636 7242
28469 17788
31131 9716
28333 28118
2627 14084
6013 26801
1405 9629
6228 31691
25214 13684
20448 2126
18950 5607
5181 7195
27977 13208
6917 28035
9753 3502
10744 25121
10140 26387
3336 6446
1796 8503
22587 31669
25701 4423
14050 28598
27522 27104
8022 20278
22403 19967
25572 28470
2896 8586
21795 30754
26020 30873
1608 28710
21063 3006
29391 12352
18797 31201
6937 32727
31627 20591
25014 29524
25354 24559
18896 6295
26571 20107
7308 26918
22619 16207
24792 113
30865 25514
23620 13818
9759 24118
27122 25227
4810 30822
29255 23746
23704 23605
11429 3425
181 22562
14354 3674
9969 25535
12875 484
27400 3772
19979 20181
20293 17251
9998 12002
25820 18389
9741 849
26074 2811
866 4094
27839 30885
21721 30119
778 18776
8572 384
4058 959
26492 22924
23406 14026
17796 6600
26780 18038
2520 5008
17009 14306
32695 12516
13365 10060
12871 9667
13760 6671
4789 13736
11088 8832
27608 26508
26892 11866
12823 3411
26334 30949
12206 6548
13149 16973
2242 30002
2241 7162
21466 4762
17278 19250
29311 21392
31060 30642
4546 9415
23149 12053
20883 9333
3074 1471
13337 15722
19134 29967
28147 26161
32709 12699
29670 7586
4821 13089
20249 31913
3906 7060
26311 8946
30339 21185
19060 22853
32266 28630
7914 23604
170 22649
24120 28797
11752 3244
442 4688
30847 30884
10816 28587
3406 30788
11110 7718
6864 8225
15286 31358
7537 10768
31953 8828
31681 5107
968 18244
9081 31178
21060 8882
4910 9249
12492 12411
17098 16661
14776 12932
8753 15178
13199 25591
542 12159
20383 24308
22897 7404
18172 2900
11728 30432
2773 17357
2834 10640
9051 3741
12622 11914
21161 30110
9752 17530
1424 886
13819 26850
9260 16201
9025 22570
1960 22457
13998 9565
16969 22343
25243 4126
1792 2374
19731 4202
14842 4563
8304 22564
1709 23892
21235 20924
5688 22870
23755 30987
25069 7110
23309 4805
27375 1562
24019 32332
9130 29335
18910 5249
9375 26099
28472 11384
15587 11165
15728 15434
5229 30429
21554 24031
12186 6938
29807 10020
8239 17872
24983 20795
25598 541
2101 15523
15089 20204
16772 26120
31367 24219
17550 2913
14298 7974
19139 13253
28685 29883
27545 2099
26130 1148
8084 16331
26349 5547
23420 5124
25917 1821
2360 15636
31159 18748
6185 4461
30580 13479
4932 22956
25867 29178
4385 22480
2964 7396
4512 23523
25622 31649
30 32056
15618 18983
24530 8113
13237 9200
11022 15181
30815 6386
25132 13380
17842 29208
9918 31316
21505 15653
12064 14850
4561 14603
22000 16450
7204 7525
6408 26512
25799 59
19040 6436
14549 8650
17851 10801
25983 27785
1404 28871
9484 24031
20470 26536
25083 27324
10210 30389
12470 13821
28423 22275
5956 17032
24555 17656
11399 13160
13217 30961
4631 4432
13082 32255
10289 19178
14196 30933
27035 3503
27533 15598
9366 3753
31077 15234
12854 1682
15502 8519
30794 25325
9588 11158
28812 3981
17141 1374
32336 7444
11874 30358
29846 4200
23376 24957
23121 7366
10868 4806
20402 17388
21141 5634
20866 29768
31449 19449
27966 954
26277 14184
25340 25991
29972 3096
4470 21385
28827 14346
11935 4039
8237 7935
123 9012
16379 31614
3651 23242
7863 27247
112 24053
21053 29002
15683 20976
21930 19733
1150 10882
4107 15440
18536 26488
15106 1312
15657 23005
27044 11164
19099 27592
3838 2513
1360 19220
9696 20215
14693 5009
29060 17557
13791 14803
3012 17346
4312 29474
7587 24943
7614 5460
31948 11694
13005 26149
16387 14285
25450 28662
23485 10664
13175 11780
31001 27321
14769 14535
19542 7928
25483 29460
11496 15836
415 6507
3214 14507
6681 4726
10184 10802
22494 14295
7677 9366
23649 2732
31392 24062
1958 16332
28113 22109
16663 15133
29669 26347
1506 31431
28122 16444
32278 26989
730 6850
21357 32692
4651 3942
14744 28038
9566 14833
24197 4470
7200 17242
8535 15080
31412 5824
27933 10493
25627 26756
20336 11827
10489 22527
6204 21840
16063 5845
12695 5714
5639 16791
20733 1283
29321 10290
25121 2709
7179 6118
23358 16552
31632 14379
20203 31894
9620 30275
24265 15367
27195 2480
25007 11832
906 4915
10760 31210
4157 16967
991 23453
24736 9796
20084 21722
24431 21290
27407 12438
28988 31610
13221 17998
17125 27853
25360 655
16023 26746
29224 16858
28690 10449
15364 21463
19906 29594
13794 26123
16809 24061
1088 14783
3739 8779
30067 21172
841 28170
27012 24707
9939 29830
24914 7466
8121 27064
21041 17507
1596 24142
1824 17497
6193 30287
27112 17187
10543 26099
17391 8140
22923 27352
3362 18479
6884 26662
22064 663
25370 7723
4784 16309
23773 2542
29605 29697
14435 31894
23268 17877
2607 16032
13550 25090
9510 8798
2130 7895
16035 20051
14637 19519
5231 6190
83 17997
18660 12113
19837 22147
5687 11264
13804 24619
21549 29460
28586 10640
28516 3216
19248 19087
11410 31123
7155 29
7924 20919
8203 9283
28801 23958
30148 22838
8069 1265
13379 30229
19608 26727
5222 447
25064 25295
21989 19027
29665 13845
17061 17808
4128 25414
23769 3542
3571 15536
3686 30922
7438 11493
2684 11888
1959 3472
4736 63
30291 10026
3985 18113
18560 17132
9660 9207
28232 10855
24700 31649
16688 25131
17778 8994
12534 20814
3582 8778
6933 16105
27597 7268
19156 14370
17840 30281
30343 21114
31138 22576
7922 27867
12232 2356
11564 26480
4569 21890
20771 7029
32158 29267
5495 4692
25507 17168
25946 18029
1366 29087
3588 113
14481 28963
26475 22743
11090 32321
22129 24051
19149 9459
11816 30051
23763 31379
20503 23380
30407 28330
24830 8507
13197 29797
14198 30323
15586 5935
2255 7377
7488 16952
13146 5842
28585 21969
21522 6854
30904 6906
16365 10884
8166 17286
15897 28181
18792 31929
27490 3633
12138 16431
13461 19552
17108 25335
31269 27657
2265 32692
16877 757
6597 9754
31721 30021
4109 2415
9319 20476
31358 2246
19530 25685
21097 6758
5920 2660
6291 7121
23550 642
20194 18427
10994 4242
31899 4533
4459 9496
10251 1397
11149 21336
18589 16849
19262 10104
30578 22698
24942 28582
21498 29170
3161 11703
14362 9826
16947 9079
9719 20651
6312 7728
11970 29913
1680 17306
26800 11102
12498 6139
27473 4282
21131 23647
982 13295
3224 7625
3438 31561
27962 28164
7101 24936
1993 31121
7431 21461
9345 18939
26667 17151
14297 15657
194 5871
16971 15975
22112 26994
31277 29469
20350 16817
30110 19639
27262 21332
20124 566
28730 30700
22867 15317
13671 3062
24523 24861
11033 21103
5487 1102
16757 4933
10802 19782
2989 16952
11177 27774
24474 25099
9149 9687
29325 12055
621 6491
7057 23820
21752 20743
3294 3018
6081 11852
3946 16963
5299 30604
31704 14977
19909 10784
30565 15695
32647 30711
25716 787
25886 11057
20743 17422
29477 2267
8756 17299
8352 30096
18073 15813
18831 30104
9188 21365
5561 24910
22746 13134
28110 10859
21641 21683
4609 15252
13196 19439
20224 4487
15545 6144
23566 13344
15609 3519
20818 20276
17606 24365
7409 29168
26504 2910
24275 26238
18382 2925
16057 29834
7924 8359
30040 11400
26652 29566
16238 1883
6370 7080
13222 3696
17038 21913
25432 4021
24295 32645
24243 13481
9883 9134
12042 31652
25121 3620
6545 3548
616 10736
19095 22600
1234 8540
5339 16367
18250 27886
2197 21576
25270 24618
13765 15419
19438 9541
9419 6428
19910 10967
20099 893
32545 29791
642 32142
2923 24899
2867 7185
29785 3537
12076 21960
5560 31019
26137 17413
6222 23808
15660 28332
10985 31490
8264 29425
3084 30423
8621 17681
18574 22994
20016 28721
28096 18350
10481 20658
27841 31017
1786 13346
2539 24860
23110 13862
31273 8098
31906 16478
12044 4727
3450 14797
11453 23027
20681 11715
29394 14538
4763 29303
25257 15202
783 24780
12669 20584
18832 11264
24610 7744
32604 20618
1711 27148
2477 22945
6657 218
4945 1614
16412 18701
8959 8395
20108 27865
9636 29640
26176 16736
31936 14400
6411 18664
6481 32719
11217 19080
26824 25314
13163 3058
30206 26659
16838 14875
15091 32683
1529 23495
9427 20036
28429 17941
13037 18386
15259 15769
32505 22674
4305 8667
27331 31672
31624 10716
29794 1044
26356 10072
13131 23852
17742 6752
21625 10568
10483 1813
25306 3949
23985 12012
29951 1966
20352 19646
2648 10221
126 2843
11508 2384
1289 4431
15145 6070
7114 144
10217 12173
3256 703
7454 23346
1145 20998
22810 29079
262 11626
23638 15349
17316 24247
11126 20820
31040 4899
7740 13772
16156 31166
2829 19248
25319 17445
17590 17972
30145 32431
368 27805
18382 632
21629 7822
4134 19527
31154 11672
27021 4396
28642 22023
10077 11570
16468 6999
20772 8348
6747 24206
10688 4161
21605 9576
27549 3238
2902 6426
1464 24925
25556 3268
11088 19846
6604 14418
26090 15221
19615 4991
27013 20344
31913 15490
22488 4321
12669 15612
7051 10493
14652 19416
28991 17737
20975 3488
9914 23771
15927 23876
27142 11376
31220 8716
23134 5464
20685 5058
10047 16455
4033 7533
23022 4291
8612 3177
18789 12743
23234 21279
7927 25840
10809 5117
8606 4149
27920 31784
22891 18518
29895 11078
19793 17267
22729 28346
635 10158
26614 10645
18178 10683
14972 30645
1055 8431
21172 23585
12095 19842
12913 11639
16755 20022
24171 23722
22738 25361
11112 19322
30401 12862
30127 8238
3818 17427
27585 20089
30734 4453
15134 21432
19308 16144
24575 30107
20923 20363
7436 12979
24616 251
20274 20350
11303 8604
1198 11678
31001 1274
14135 12309
20547 28635
13293 11495
31585 24365
28819 8111
29542 29550
12927 11184
8524 16083
3678 4734
17713 29447
29699 11112
31460 9562
18167 17206
28882 9997
11269 19363
31672 27116
22982 25404
4131 19453
11049 3506
11618 2947
32497 7099
18284 8391
24472 12656
17390 26808
23487 28148
6494 2334
11894 20419
4856 5187
15182 30059
16656 971
28086 26452
19087 15559
2243 18301
21808 23218
26165 13293
20390 657
9046 25896
5785 5907
32714 749
28898 23173
25505 23434
11084 2625
7810 4632
1925 15940
16909 22993
16676 18579
1371 12228
30530 2996
26213 3615
16908 19569
20224 19611
12738 4529
10437 29270
30019 18521
8925 10382
1049 26150
28773 1663
6294 12131
28071 3815
26806 8219
26798 12213
24440 10715
13709 28167
31782 22203
9003 7153
26763 15921
20451 29227
25728 6734
25254 30886
8501 22980
16362 1410
3074 9548
21679 12366
16181 9368
17585 16981
29192 10220
20933 11614
7014 20865
10299 1874
9027 6028
21947 19300
15760 3023
9756 9631
7748 8721
31700 2241
3651 16249
25795 15295
27661 6723
16089 14707
31686 11074
21292 905
12519 28110
16206 9457
11331 19532
25558 26504
13037 20356
23378 14738
24370 28798
4750 367
2606 32118
15599 3683
18978 6257
12981 8627
23333 13871
24943 29070
29974 22250
17593 13468
22925 9726
29256 1031
27535 1487
21844 22047
4019 7805
3834 12455
12820 28387
27736 8585
12268 15426
21681 10566
19192 31245
12349 1895
30964 9758
32006 4525
17991 28171
5128 16833
17864 8150
9635 1618
23663 12630
20435 31479
11165 27680
23298 24270
88 23983
6642 18268
28832 12354
10832 28324
30217 15257
25015 23179
27702 28412
23814 24255
8319 12927
21075 28943
30559 26181
6044 30710
29421 21453
16367 26477
17978 7817
31801 6898
25164 18066
30419 5676
1231 21230
3720 8484
31662 31447
27092 28734
20220 26597
6755 18140
14314 28539
21951 27830
25772 12104
790 27993
21703 22424
30241 17155
24052 6915
24979 29275
2183 16449
4912 22631
31114 3414
2092 8631
4596 30009
23837 29185
14556 24816
20586 30593
25654 28868
8205 9770
4994 18659
8316 8993
26147 26697
843 5789
2297 17432
1114 25821
15683 4478
7891 6025
14654 14028
11268 9983
6399 19250
11299 2339
165 20955
17054 31885
8886 25819
11710 25257
1482 13880
7808 20024
25813 27629
12294 8650
1702 28109
32587 13406
19431 17385
31412 7711
17693 1316
20566 9913
12252 24092
12279 31865
30981 12417
5468 29333
21822 7100
20978 17178
4435 23304
18166 28785
4668 30247
25589 30460
11097 6370
23753 25407
350 30527
31843 22398
32312 18043
9366 19643
18739 11795
24213 21645
18210 16954
24052 29681
14090 7265
30569 12262
8280 18525
16003 15968
13659 12948
19316 8825
1466 24756
22516 10302
32699 1814
19857 21593
8467 32242
11270 29223
18100 27206
11391 2716
32395 3543
10808 2677
14937 13716
32240 8610
24576 23217
3398 15476
24302 5468
30222 22712
247 25766
27578 19970
8794 177
32419 14668
11122 17261
11700 10923
13637 29222
32765 23090
25767 13264
26980 10804
19414 7935
31152 26453
9163 11221
16689 1781
24493 696
26460 14143
1346 24738
24916 21269
3170 10140
27399 24566
2722 14290
10746 6330
29420 16358
29622 10742
21547 22418
30353 23835
17520 8192
19414 28738
30519 26681
27375 3334
17475 22243
14215 21066
9568 18819
28957 6362
30928 12738
27026 23589
29920 882
17240 5003
15744 26573
16223 14095
5161 4524
12714 13809
9779 22679
16593 32126
2692 7529
29773 11201
32267 20167
6220 11219
17581 9068
21804 2410
25998 15740
16622 16062
21065 23151
16955 1093
15188 4042
8564 411
14219 20348
10260 21277
20636 23998
31527 26854
5286 23328
10727 28531
6983 4785
13851 16945
19355 24562
7536 2887
18949 12586
2968 24158
25252 7247
11288 19924
20333 7671
28017 19852
8360 1783
25779 5511
32363 28997
19556 24538
20302 4880
9665 30281
14459 27284
19079 23517
26404 1048
13632 26615
18005 12584
19829 16601
3756 10488
18157 31117
18201 24087
25871 13408
18919 26561
22789 18881
10652 18513
23393 9579
7093 30953
25470 292
23807 21553
22599 11782
5629 17442
30026 3464
20063 23634
1353 17088
15437 23819
15138 19510
151 871
27430 8240
27121 19068
4812 17453
27030 5005
3191 28206
28496 1356
22907 28659
7672 19534
4207 12739
16202 13301
4166 1466
18552 3498
27316 5519
25028 1220
2091 9685
17925 25177
11477 29520
14206 12277
17282 16289
11726 8469
9823 20471
16361 7453
26987 32731
12701 24034
4568 31194
32658 28901
32398 8735
14252 18444
19662 26945
3863 6513
31691 21754
18505 21786
1296 10401
26688 32711
8411 18577
6279 5648
13101 18234
18196 22641
13908 7320
5747 30896
27030 18474
27209 5639
24081 26659
20837 8693
15206 10974
32728 24698
13717 14128
24527 18466
18408 15012
820 18449
24095 26819
12285 7097
29736 4429
11749 30481
28610 10877
29352 17495
23132 22872
16764 23792
32483 14444
25418 4835
29531 14921
29049 25378
11075 10482
25492 20808
6488 29484
23534 26310
640 30583
2245 3052
767 30377
8485 13993
31488 29375
19480 5068
28859 21853
3530 3476
8309 28575
10729 28948
21557 5073
15553 7010
27818 32633
29350 8278
1819 1539
32120 20115
23168 2460
68 1598
15591 23933
20539 8553
13620 14310
3396 7253
10729 9712
5518 6924
3104 19036
24109 16248
23256 24661
24527 6896
15172 18305
19842 21108
8455 16992
19452 19195
20793 31623
22787 19518
28071 3616
17926 10559
17810 8922
18634 21321
28243 28537
14806 24153
7632 31347
23240 6149
13043 30888
16424 14998
3338 28215
12440 3499
22694 11793
10647 31890
18641 10718
14332 667
11226 13944
22866 32257
20811 29035
24805 8732
118 16287
14866 6845
12994 7748
5869 5339
20337 26035
21483 22291
25790 23675
2701 1157
278 15715
26433 13348
14013 18920
95 7999
7489 25240
21506 22961
31691 28298
11818 13544
20389 31809
6790 26684
32021 614
26649 12657
2181 19592
10500 15366
16521 27969
10917 13200
26546 16799
2950 4582
12579 7793
264 3043
26003 20068
15597 21770
2547 24927
23968 27413
21329 22937
23549 30756
10647 20583
7408 17432
29 12826
8027 17907
31105 16548
578 18944
23526 24884
32677 3527
6570 3338
23404 174
21944 32573
24732 6232
879 24490
14658 15933
13922 22208
10022 5440
22870 24567
4625 17431
2569 22897
6678 12652
31596 907
25791 7257
10782 22354
25692 25700
25874 17352
17157 16328
22560 15050
6773 9120
25053 23437
12878 21431
26869 6206
30774 22899
7561 16973
7101 2632
15284 10130
11035 13780
21035 14113
3698 4057
29757 31817
16402 29389
12950 22863
5146 790
9910 2741
26179 11917
579 2194
8401 6288
29187 27448
11652 6408
9038 3981
14109 18752
32532 24322
5666 25144
29202 20800
19848 9365
5987 26192
16288 3481
4272 18935
21676 21432
580 14180
16375 15086
21375 1159
28606 24776
31182 17793
21775 7489
26241 7453
31775 3117
28260 26004
14037 4672
14037 24693
18116 1116
4598 20022
6190 1636
23068 8870
23048 27865
10184 23649
24806 6656
31430 31557
16584 20645
28133 29845
4529 5590
8705 21607
14845 3535
8208 4196
28889 28880
29997 22243
9499 14239
15875 1828
10696 15687
10783 6174
29823 977
7632 20968
19756 21863
9739 6295
3372 3571
9159 5105
26713 7899
11435 17865
22059 8789
4900 19643
9117 18182
32421 2130
3956 18614
1535 15527
21701 14650
15628 12316
517 18756
7852 23258
29553 20272
23843 17589
22695 156
8056 236
18099 16639
25426 19489
6363 7391
25573 30326
32455 15480
1328 25225
7985 3644
18295 2861
15177 29685
15674 1154
24412 15693
3198 23524
8346 21196
21351 27039
27273 31039
14909 29407
16129 12605
19997 7568
5128 22492
5203 12801
5258 4814
8456 6529
9388 13241
10159 26749
27903 24566
7490 25831
16588 19546
7974 10686
4958 24935
23205 29325
25963 32232
12068 5348
12916 9323
31813 32065
12098 18042
22856 4249
10777 17356
30595 31311
25293 20165
11964 7988
1052 20428
7207 19452
30138 17639
9807 15179
11737 2328
1791 243
5591 4931
14252 13859
13156 18508
3781 13298
17546 25254
9841 26636
25180 28323
15721 7669
15655 17706
5367 27684
14369 16706
1578 12573
27752 11739
14067 11383
11626 6721
11650 15858
29715 17218
2957 25903
6432 10104
2591 6738
607 23978
19532 12430
20098 25785
10725 2487
30169 2986
19692 16090
28663 11769
23508 21268
32651 23647
30366 4806
20662 11511
28729 9249
2383 17611
27715 31686
5655 8816
25 30305
9966 6261
32046 19558
22043 30064
282 10002
26093 19445
31214 19972
8474 21987
12867 21954
26760 8358
19869 10464
19712 14654
32265 15829
14748 22095
30909 27211
24747 20402
26663 30935
17724 1947
32009 25940
3176 7000
26445 32291
19497 29269
18487 24890
14077 27969
3560 31355
9050 8071
22725 23430
6492 28762
18089 22221
16663 21239
8872 16231
14397 8644
10589 2766
28706 32121
6354 9831
9354 31880
28380 30
24921 28851
24051 14101
12687 6231
14300 27611
18272 21737
17731 4256
26475 24763
13233 3053
19282 10372
19016 22105
24869 913
265 29605
6667 20808
19920 6618
6646 16021
12103 15533
29634 31567
5030 3387
30999 9552
31290 19330
23585 16502
8498 16254
19305 17293
27665 21731
11067 5820
6731 13912
10748 3169
23978 6997
13613 17416
670 11129
26662 20259
19060 12774
16159 23528
311 24088
10649 14389
30892 31601
15086 1467
18759 6623
28355 1622
7443 13655
27568 6653
9823 14174
21169 5547
22963 1032
12161 2015
22273 23632
3637 6054
29582 8564
32652 19796
1419 29894
28726 10534
12000 32311
6167 11044
12666 30757
11645 1753
8405 20107
1513 6444
11992 18228
19260 22682
24696 2188
25820 31419
4706 14202
22766 29457
16485 1520
31412 22649
414 17904
17448 27371
5646 12414
10404 23613
25365 18311
5651 22048
28492 1003
19231 7164
29845 7717
9906 5722
4374 21774
3207 2957
32413 9080
10600 25973
15853 16131
1268 9245
3848 16267
28682 18714
9558 9492
27803 6317
28365 2156
3157 686
7850 24091
31808 22386
28108 4926
26700 8945
11901 32480
8794 29907
23111 11547
27676 19392
28636 6195
22463 28942
14889 32482
9207 18376
24693 24447
26602 4242
4928 20290
11612 29757
19377 12776
17703 10651
19597 14718
14432 11634
8773 31496
10274 23224
9847 31882
5311 5183
1358 5716
5431 27772
13381 16247
7925 14637
18877 5305
25595 1758
31516 23803
3812 4440
15090 18126
75 21513
379 1918
647 14505
4960 9152
8265 10921
16104 14808
20524 13574
8579 17462
940 25954
7822 21960
27266 8863
10622 26699
17735 20092
24531 9369
27493 21545
10292 6854
8772 27566
9303 10669
19819 9417
20338 14263
29069 28084
8892 3673
21133 16825
10012 17471
6663 22071
30934 17834
11764 1160
21252 8787
18154 29499
18277 13014
19866 12880
7678 28567
6469 28638
5286 16981
31242 26288
21606 25624
29295 27545
11603 30496
15198 17661
6965 21613
6678 21859
23019 5131
13918 18442
15172 11503
24517 32073
12184 682
29250 11617
7486 19862
4074 2952
29239 12771
5628 2550
30093 18078
15805 2157
19816 8927
30540 31001
20094 26782
31911 4449
22889 10346
21849 13062
12366 5294
5976 13598
25213 24549
11642 2457
5408 32697
12701 15717
18265 1880
19956 18328
20483 15591
24518 2994
1226 7532
1545 22289
26738 21320
31667 689
13750 16858
22152 20747
1576 26114
17894 28126
30582 26787
26718 29537
12485 3223
5103 6650
24978 30750
13572 25057
28049 12694
20225 5323
27612 29275
17829 21768
22456 21581
5670 16727
4707 3437
29549 27820
23177 6282
302 14677
11445 20992
24213 27018
902 23930
21911 29314
21604 25878
5804 2716
8039 16886
13395 26029
15028 2882
24461 31222
15182 4717
8152 30129
25182 19887
26169 4935
19612 15592
3816 26470
20721 31057
22218 28029
24577 21621
14733 11362
14078 13414
30299 20537
13797 22115
24995 10927
9382 28825
774 16687
14049 24564
11682 8926
13861 6462
22054 5085
31553 704
31761 25868
21131 19507
8362 21210
32572 12941
26353 23095
10863 13881
3227 23885
2045 24660
20718 28220
12140 11425
3220 21490
30417 26187
32647 14903
19986 11509
12214 21935
15034 18772
5510 11208
32419 3398
16337 13872
4198 32222
13335 9924
1042 15061
6954 16562
12016 3086
14509 27671
16394 24154
17573 17728
32631 14042
25552 17453
6619 19848
5851 4999
16205 21654
25050 11361
25232 15855
15309 8621
18545 29430
11723 28644
12439 19585
22669 18675
13579 24453
15839 4410
22138 29972
11247 645
18096 22000
9081 4030
9029 24716
13601 14932
26291 25233
8321 5884
14505 18756
15418 23630
19505 281
19865 27141
13049 31945
23629 9767
14177 26627
23830 6701
7344 3548
25548 2308
6339 25441
17388 1860
16790 15366
7832 30989
4106 10315
29071 16152
7013 18610
18891 11722
6094 26519
25695 5989
15755 19142
13000 16557
23257 29930
712 4063
6371 30601
23273 26258
28117 12710
28077 7892
6114 12140
22455 3140
19292 10219
28827 18758
30478 26306
20058 14951
20939 3806
22946 12984
29541 3925
1088 3179
7242 20029
17862 1798
28057 13613
26322 8368
16259 23405
2778 21630
24770 22371
32590 25232
11223 11294
4831 28648
10833 8934
12738 24887
5104 31770
2928 2917
6096 1876
21906 4016
5815 13336
26948 7001
15367 1103
24508 20503
9364 31626
21231 27284
19749 1365
12659 21052
16934 30972
7138 17488
9608 27765
26766 19876
22794 14712
16589 29694
941 28888
9458 5726
12727 6754
7855 3639
24140 28092
26952 32361
26879 735
2100 15414
3697 13861
12065 14758
32246 20631
15627 19203
6312 9088
23798 9626
6551 29104
25224 7618
13344 7493
14245 1915
5552 26071
21395 22101
21695 29690
30425 15580
30992 15807
29667 32523
14514 1922
22552 8965
28166 13992
23080 5412
15037 1709
30814 14109
21728 21588
29079 23269
25184 2305
28375 10558
32659 30734
27655 17003
32581 21587
4626 25311
25067 30804
32724 1526
10489 6813
20805 22509
27920 5886
7595 11118
25225 10188
31776 5640
28909 14186
16490 28087
5876 21324
19289 12096
29099 5768
27353 14177
6721 28911
26946 31977
734 31789
5835 26903
16644 11221
17107 26640
4989 11795
21983 24703
30343 30212
11632 20990
16310 26484
15041 28122
7449 22186
27952 1562
15739 3779
32690 22537
21747 22461
21481 26867
21003 22480
934 27314
21185 4880
16675 18042
9978 26172
23617 5889
26880 7552
1267 2482
30602 10423
32608 16307
17869 5284
9061 27791
17561 841
23300 8984
3082 6540
29020 12012
6559 24086
28964 29954
15229 27742
21147 12871
18760 25205
32756 11998
14478 12871
23295 1256
17563 12312
17594 23134
18158 2663
3505 26656
2871 2951
9491 26803
6049 5954
30038 5744
2929 12606
7582 26233
6335 18159
10595 28727
7956 25096
5198 10584
11839 22433
1978 28491
18858 29400
32064 19570
13457 4248
7199 2800
29601 16327
22281 16690
22432 2881
15488 19550
13014 25361
10751 23068
19026 19350
11677 21347
31929 26983
16649 16875
12600 11001
7635 18625
5426 31458
2937 6930
9730 18884
2444 10136
26826 6564
9446 24723
11504 16489
9084 24932
15231 24518
11101 19835
8415 1490
28471 22778
6885 7576
18577 12353
30976 19485
18174 26210
373 3636
22518 21112
31248 10101
16664 24962
16916 25306
9028 26108
18273 28420
20171 18110
5179 735
2225 31271
21280 13592
21168 30695
10281 28165
14883 6977
420 8489
12123 289
21401 792
10893 1874
26836 19882
12419 27557
20896 10983
6636 21448
6791 6402
7135 26805
25307 11968
25559 9359
7287 13821
9217 13958
20935 17566
26055 24099
24388 21354
22146 5411
7283 13022
135 272
27828 1350
12333 12555
1234 15957
22358 18967
13006 8025
19992 29493
6085 5544
19365 12782
26740 13370
30937 28581
19913 14909
3496 24223
29633 11534
24554 25640
25912 4149
5500 24689
4477 20971
4162 17831
4032 5711
13735 26518
23244 17036
22580 958
13740 29328
9929 9177
4991 7713
22620 8099
32323 24902
3669 26114
18987 29187
569 28223
20143 12131
335 6067
23899 24621
30330 4497
31013 27929
12198 11296
12254 21491
18050 2009
11186 25994
939 27979
3310 16175
8310 23559
16905 2864
32051 11977
7431 3125
15256 32618
5917 27575
19427 15590
20085 29814
24976 16988
28285 18332
7054 4405
6414 7772
998 25104
20314 17599
1005 1937
25494 23624
26488 9314
21291 9632
12756 25770
25622 28721
23527 28010
10833 31539
28586 10185
27173 30919
16484 20793
25198 22691
30464 23536
15873 31610
16440 31460
630 3420
27043 17446
26760 26122
2988 20762
13766 15282
11236 15742
10985 6619
5389 1996
12179 21817
19967 1206
21999 6586
29277 3682
27218 14428
13269 26972
25665 10324
13742 29710
14389 26293
19649 8016
28779 8382
23662 22635
5610 9776
16395 2132
4126 16593
5643 21782
22988 16306
22892 25610
29292 12218
26644 19400
13604 23743
1298 7146
4089 6502
27 15039
23055 18478
26858 19676
9542 19067
28841 17754
19886 15150
31743 12469
1484 24010
7547 4618
30226 24470
3921 30437
17071 26752
17726 30565
4943 30675
4408 19023
1295 9032
27511 4433
24109 24350
10649 21600
6587 882
16032 6723
19191 26471
17715 15009
19625 20673
12377 25260
22931 17084
11067 16296
14093 7235
5141 28794
15048 19036
28068 9547
13981 16343
7924 22810
11644 5321
6204 18571
25295 18229
11934 22234
4476 11717
32390 29647
22140 24099
8417 11998
28295 12304
19537 19484
15509 9619
28653 24676
1455 30557
14133 23952
13996 15436
20755 22056
7860 25638
11100 26959
16427 388
12105 23034
19912 20901
12232 11727
23725 9286
21588 20649
7366 19251
28870 8359
266 22876
20664 24756
15942 1721
17157 2031
24087 29936
22807 5144
32103 31945
32334 1138
24171 15761
3894 11670
23395 11316
20602 16126
4006 14354
838 9424
17781 11370
1477 29707
21694 18047
19767 22142
24171 4867
2036 4155
9299 15491
14667 24841
25980 8636
24395 14234
25903 17384
28700 28287
11644 16531
30883 16534
25958 15650
27021 31720
28660 10970
29015 28498
17873 17585
22453 16015
20171 9277
24766 24489
16562 29470
5337 6667
20899 9773
27155 29731
25251 14033
30563 23088
6853 4127
19777 28679
27632 42
11012 14029
9759 23523
8342 7261
23276 27630
4139 30793
22513 10680
7384 28903
2801 6308
16081 12719
9683 23701
4965 10467
787 2166
6293 2761
31441 7640
7683 26068
7331 26304
17059 18695
25954 17090
11951 25399
23425 16464
27142 16090
12227 13171
19478 1757
14477 15028
5960 2790
13258 24158
26324 10926
13687 14045
21685 32617
25919 12359
5895 29366
15293 483
17571 22954
15586 8480
24942 29522
12846 6242
19413 19316
21073 25071
7332 6124
8915 2781
26940 13293
24219 22173
3449 20497
20346 5137
17495 25134
21734 13498
13979 23390
13575 4260
12738 31548
28303 29159
2634 4914
24230 8380
684 22047
28170 12534
15316 8015
21308 4316
26487 9487
29982 12758
17893 29936
22301 17561
31059 2621
26009 11266
15524 12269
11050 6817
3209 28263
408 6587
14965 5843
27889 24636
4403 15648
23663 23290
27604 19717
29204 12202
24958 21324
18491 26420
11214 10084
12704 8023
19290 9505
21774 5946
12764 2047
30308 58
6643 15971
21813 30716
22585 21606
4487 16935
7456 26987
13937 28148
7581 2293
23615 10375
4026 32539
9855 9339
17360 15238
24743 22559
28503 3883
5929 13751
13807 8498
24470 3468
1416 20450
9287 13516
30449 24001
18219 13775
9154 5136
7429 32157
9763 16736
16506 31042
7612 13789
29027 26361
16151 24972
28854 21002
1986 11888
20386 2016
5482 15791
3472 12087
25603 6898
30898 12759
26532 23283
28419 16350
15740 2920
19654 3079
1354 25503
6523 3393
29755 8964
1170 2782
23784 13139
25027 30024
32038 25770
8792 12645
24732 4753
11652 12264
25021 17567
8081 9781
26131 18787
21707 3732
6809 9103
1839 8594
11985 8162
17126 8361
11143 8973
22111 18296
15551 2160
27928 14369
27014 14820
19574 3953
16215 18978
3776 31224
8238 8469
27256 11857
15589 1600
10703 16194
24786 22399
30561 12541
20902 4003
12976 14918
448 32045
1436 2318
16688 15997
30818 29364
548 10933
29911 17623
16080 16761
25230 920
12776 24316
25916 19718
3143 28365
17995 3853
16394 27928
31931 15787
30706 4529
3805 12138
14457 31152
14382 5239
1836 31145
9309 12431
30054 2382
19143 6454
7372 13365
4914 11604
31320 20148
15745 30829
1915 1697
29623 971
16759 18307
22834 28785
8156 14696
13079 26637
31876 22613
20989 27459
7124 943
3325 30299
3984 4411
17775 22466
1303 11354
31501 22689
20749 32624
1552 14479
15450 22664
8202 31175
27193 32207
14134 31036
24906 2580
25192 27213
21906 24015
24958 13412
10942 29028
672 28281
17980 14926
26279 18445
8366 19284
19139 25013
6723 29115
19011 20691
19097 22171
21612 27213
25483 13521
16101 2977
30191 17620
8867 8524
21937 19328
15589 1058
29338 112
15039 16259
1938 14551
1066 8549
795 10304
6652 20203
8125 7518
29689 25663
20110 27222
7974 18532
21508 12824
30444 24074
32598 18932
5491 6544
7601 21768
21881 21080
4572 4170
18721 4151
12700 6508
16812 19786
7222 13493
21009 23463
16359 15348
9801 17929
3693 3700
16524 17776
9081 25201
11366 14200
20742 8912
30681 16857
5168 28341
32511 19793
23942 9740
16249 18464
5483 3875
17366 292
23755 12703
28051 5608
23537 7346
11046 5084
22858 27230
19664 27569
9000 31939
8084 31028
15116 29742
25315 5996
25787 20284
30023 25059
10754 16962
20835 13503
13793 16237
28939 5434
11040 4782
12128 24221
29305 1811
29039 23172
17974 19396
18568 15935
14194 26974
23948 26651
32647 29311
16826 16496
8786 25666
9861 14080
27581 19541
3009 30697
3364 8608
13388 31948
23403 14405
16214 25514
15919 19939
6567 12484
28419 1125
28099 25133
19017 9847
6389 19278
3007 18896
11795 23213
4525 11794
31333 21654
19584 32106
7945 1575
757 22947
4583 21333
14080 24158
11328 20797
512 29998
31123 17895
10262 28930
6008 26455
12965 29277
15404 12397
2841 15972
27764 27197
16085 7366
6706 26330
27904 2902
25847 14649
3216 28661
20050 30430
18458 17294
14525 31376
16505 18971
15134 12881
6568 26765
23273 21142
770 19533
2736 5909
339 3611
10976 30501
24062 16424
19325 17680
32329 19199
15091 12405
10067 2776
20071 2374
982 28525
14727 1827
14709 17487
11483 29861
18234 21275
8041 1987
7896 19002
22614 10777
8509 8236
24658 821
18501 32572
19002 11214
23618 18063
20840 1327
3699 918
29441 8142
9969 4681
22166 11402
8494 24676
13184 880
2868 26727
12962 21223
31999 10764
18998 2807
3628 7741
7544 10888
22102 22129
7424 26545
27872 12951
13869 28262
3637 31569
3484 10542
21944 13604
5514 25648
26529 30436
24396 18698
7155 29397
7392 4592
7399 6387
14126 26389
4510 11028
388 21669
15447 26612
6797 7810
3305 10552
9354 20664
31206 6940
20545 12836
5718 20381
18051 26059
11988 32245
28873 9680
14272 19143
25528 3498
29887 21670
32696 6888
28557 1630
28241 317
8128 11237
21787 2269
22931 11431
18372 31139
11209 21371
8983 6148
32205 16925
16403 27034
3946 11426
30568 12509
16005 18216
7119 23329
30215 13126
14754 7048
7364 26003
4471 10226
12495 15490
26921 26258
24629 2658
24027 12524
18670 3071
19994 243
27276 18108
29535 3628
16135 31222
16671 27334
17894 32140
12497 23789
30837 15343
8577 27250
4709 5432
20922 13049
6538 17203
19861 15075
27597 31167
1469 11121
11364 13501
31609 21461
25089 5871
4326 28375
22940 8457
7829 20996
12018 8068
23409 20324
14807 10086
15519 31986
12266 19517
3951 3672
18745 18803
17203 23810
2164 13576
27077 18671
7365 13526
19398 25917
21524 32453
8141 23722
11951 11697
19765 15970
3528 23967
1287 10405
9625 18333
5083 16804
20474 21889
7925 9032
75 6453
20027 25127
11031 2237
15762 14335
7483 18394
18080 2393
26113 29007
7936 26220
9423 5296
29263 27699
5338 12949
31283 30548
14583 14961
4083 3597
12630 2289
8740 12009
4367 12703
14941 28767
10333 15398
1023 30701
325 17816
14055 19104
12557 26438
31734 21991
16923 21978
2159 28229
26008 22259
4453 675
4270 7823
10112 8535
20542 16898
29602 18852
14850 24909
7540 11774
9708 25183
10230 8563
27665 10033
3702 24285
13509 7453
29430 2668
30897 30431
19921 31589
32262 24136
31959 24375
141 3765
20662 9304
28154 20683
12825 17497
29269 10235
2649 20363
28924 6208
16239 12880
4396 23821
31272 19941
22607 17904
15566 27935
26755 20735
12105 2720
27095 26250
30014 11295
20600 27236
15150 17909
2637 15985
26219 27975
15569 31904
5345 28868
8979 11727
2779 21582
8754 13374
31278 1284
29220 31362
19330 14077
16797 23206
16690 31433
9962 11124
5591 13935
31844 30560
13778 20742
15948 1712
849 7228
3330 31516
10474 6194
27776 12307
25681 13253
14537 3761
2356 24192
5500 10988
1428 21685
20351 22296
651 18116
32051 30313
28106 6240
26980 31126
69 9116
16344 10162
8911 918
7110 19672
31980 19385
32636 2117
5878 24892
16316 14406
25393 8235
29920 21816
11343 26819
12168 17504
15049 11994
18235 11450
9807 10386
19502 12448
22608 9876
10794 3078
22750 31517
18133 17904
20021 21961
14085 18002
32407 25899
1365 30401
19448 25033
19085 31285
16021 30790
10017 31251
9932 31070
8689 28250
7930 19739
29613 28190
31268 30538
29289 7640
25542 21249
10442 14653
32656 12794
5924 24525
22157 32294
24560 7290
5806 8838
6861 10876
9358 21825
20126 16877
12358 19290
6262 28816
24237 20288
18060 3106
10746 22736
11216 14580
29233 3519
16311 21656
13414 29120
28647 22233
29521 2804
11641 20438
31312 2561
24384 18500
2610 7903
27191 11744
7791 14969
2490 684
3790 32028
21997 20548
2359 14534
18053 446
22101 31593
27944 1595
23829 2748
5553 23823
11492 20583
23142 17192
2925 10036
17937 14760
26504 5534
20501 12362
13046 1528
787 22991
10771 16837
31371 22784
23228 13130
11954 16656
18251 12562
15309 7130
30953 9311
29895 20860
5285 9676
19712 20270
2261 8210
13744 4883
17245 28765
30291 1478
24468 30289
14359 31078
21093 2470
15598 12962
29618 11553
24115 27553
1916 15100
24412 6655
27515 100
9776 21538
9039 33
8242 29487
1603 11301
7297 21986
23463 18846
16368 4822
3131 15162
17632 30726
10919 24225
3011 463
28014 7770
22868 27124
1013 29928
30028 14513
3282 28528
28560 7036
3756 12322
23621 4035
26019 5357
24203 30918
2971 16713
31875 7802
5759 6103
30328 16738
17200 16678
24446 570
27694 12445
9607 14548
29059 28705
24465 6866
13902 32342
11895 20258
24291 17658
23013 2749
900 17543
1488 14449
22250 3872
9973 596
17333 28009
11921 7534
8102 1764
14209 3600
18146 3027
31733 23816
30683 14439
14012 23431
10920 11818
29475 25907
28656 2444
19985 19721
1402 29554
657 21473
22068 23652
18892 10630
18162 6634
8398 30811
1643 26264
29292 22605
13655 19789
1461 28258
18920 11571
23387 15471
8611 29838
32280 20093
7046 4498
1286 19496
8201 8448
32098 1943
12574 30269
4134 18223
16266 30736
24232 12530
2368 17909
4931 20757
16246 16021
27590 6391
21862 2397
32233 18211
5535 30472
2203 31746
18475 12581
21027 3487
5431 26676
24176 20358
5813 18003
15970 28310
8071 22077
7219 7435
28190 10438
26459 12150
18539 11667
14062 21283
6725 7635
5340 13528
12507 12260
24842 7541
11029 30981
24888 13100
690 16460
1694 16298
11839 6501
28578 17662
25096 19909
30347 3030
15178 20519
32185 24039
12555 951
8584 13480
27009 19280
31541 13924
21463 6747
4961 23614
3945 32492
16183 29848
13379 4635
11136 17877
2773 25216
12358 6947
9977 27869
15619 9936
1209 25154
26105 15035
28516 13762
276 1922
15844 22758
29503 31815
22660 4540
4266 1698
31546 26605
31239 20447
5558 12156
4603 9608
16556 8329
3429 16960
26896 26531
18916 19046
1315 28105
9101 12254
14174 29831
19820 9375
8421 30016
1788 16556
18252 31079
24915 6054
26501 17031
29185 23387
229 32057
7617 1022
17982 16783
10545 11046
30093 12111
7448 29462
8947 31406
28470 16547
25920 23120
20369 15521
32077 1572
32651 22157
28209 17561
1823 24799
15418 21942
21230 31009
32029 15645
32426 28848
7125 17242
29351 10204
6897 4451
3088 4032
20577 15843
6196 31558
14310 13730
15302 26563
15952 13619
31180 15184
7215 11392
567 236
31245 22633
5511 21796
17877 30505
14980 5170
15372 25002
29452 11565
15595 22268
5344 32540
31330 3406
17134 11538
5332 12871
26490 32437
14852 21284
32675 24903
25140 22067
11933 473
22269 23616
21355 17442
22612 7377
32378 3568
15133 5216
27484 29063
28834 30729
1366 59
11595 27395
7500 18500
18168 16925
5443 1223
26127 254
22321 5349
5822 18498
9347 1486
18928 28092
2700 30702
1504 8772
13988 2311
31372 16635
14595 8703
8760 27438
22066 15959
1693 20353
4511 29564
30786 19859
20113 9952
15301 24144
9875 9666
11152 21124
16447 19222
17156 30078
6083 19147
21457 18658
2526 20069
28770 20062
14733 17120
312 4761
25114 4031
828 2003
21863 29624
6809 31614
22989 9209
18873 22111
10466 97
19318 30023
27333 26911
13289 3707
22365 647
20717 1979
22042 24889
9240 16718
21478 4008
8039 9553
11556 13825
10680 8866
7711 652
9860 17490
6832 30701
30798 28731
25986 17296
11440 17347
21052 20552
21199 24727
26707 10648
2771 9147
25866 15980
19988 12009
21562 14575
28398 28026
4123 350
1000 6312
23802 11834
9768 10860
6823 30632
15161 7798
25145 42
20594 26599
18559 13431
24079 9026
18174 12499
28479 26848
6091 11271
25846 15699
10956 27653
28001 21477
27787 15079
26911 29002
7093 18822
16687 3913
11711 13916
13956 31846
25678 4087
17518 1783
10808 11469
23966 8831
2910 28980
7482 19677
2609 9001
3886 561
22036 13563
28640 31887
28120 17057
3110 22784
26695 2447
16363 19796
18873 5639
9727 30320
32101 11785
23254 27243
3305 10142
6353 14451
1361 6216
15215 13835
14394 3968
17531 19101
18220 3664
20719 13402
3418 13573
16020 23827
10856 30113
2984 32382
29933 29730
8746 12711
7185 29267
6641 31998
13682 10491
16707 12994
26830 15044
19012 31920
18253 8457
12119 3775
17177 3706
17277 69
23897 20595
17940 529
144 1984
31714 20924
868 30075
26573 7691
6922 8053
18542 447
13440 20605
2880 2480
1634 7501
15956 21890
25665 19887
23591 28074
28143 10074
30669 8101
8630 19271
21256 15842
3999 8772
6078 20203
27893 4865
12917 32652
330 2048
22651 31457
1171 13768
21269 25531
14655 2805
22690 4457
32531 7551
17625 13514
21613 27905
14410 15526
31366 30242
6247 2899
23100 2597
7462 12326
12209 18226
20273 20377
19068 12539
26308 10157
2920 20237
23040 14808
19265 17573
25124 12963
26475 19027
14164 9981
25507 15321
12796 28574
31471 24106
26703 19042
31366 21804
7262 1397
21772 10808
23345 27535
4925 8071
28308 16884
31693 7843
25416 18581
31542 18189
4448 17772
27753 25250
7803 18612
14417 20491
11828 20597
6870 13121
2156 5763
7158 5467
16275 9418
4186 28930
4235 6852
23736 9112
16955 32541
18356 22660
8083 9603
27373 17129
9613 12531
31141 22357
10081 17414
5242 12791
25912 21907
27670 12113
17580 28068
4720 2061
30990 1087
7939 8906
18016 2458
2230 31673
21567 2203
11804 20584
4947 29650
9412 6410
28767 14558
31972 7786
20575 6079
27986 4447
16558 13718
9019 22890
24949 1372
2459 13737
22642 23172
25628 10396
9302 7889
10090 27859
15676 30867
27750 21894
28304 20623
2414 4393
12177 24302
30381 1617
6063 32752
13703 25601
15722 22621
23991 22721
3689 7904
31077 26450
4077 26329
1452 23938
19028 13378
11478 11542
668 1938
22561 6460
10853 28972
20508 24974
26589 23029
23012 18120
10954 32652
22505 3949
26668 26676
1812 13729
7411 30355
23918 122
24058 11488
24866 25370
4143 10320
12258 3576
10036 4811
1015 2050
27022 20887
11149 21521
6874 20845
20728 1395
5342 17827
11734 10466
24194 32008
29596 13546
13666 31605
10326 20747
13348 4958
15276 2424
6000 17490
22301 27532
29580 16034
4154 23314
12068 23836
11912 15302
16695 18941
4001 32638
10336 22035
21276 15735
29280 1763
601 18103
6082 10179
15135 10925
13349 19430
4153 30411
25176 19347
2612 26453
16998 21990
13057 6765
22067 29067
15241 24967
24838 5993
28026 19240
2206 2407
4170 16533
1869 31486
8899 4769
15695 7951
27380 24034
21677 29042
15621 31531
25215 14086
3307 18233
24998 9447
5745 16362
8562 14296
20289 20984
7457 632
3037 15548
32081 9663
8383 7206
11975 1182
9131 17282
8547 27670
23944 3744
2509 30224
11542 6798
25031 27724
4404 14849
31210 17263
31559 10149
31133 7005
7635 19080
1859 5821
15485 10673
17879 1172
2354 23866
8379 29852
24754 11483
15228 16926
14382 15931
22729 17735
12692 25924
8004 14991
32252 17095
27242 6447
13451 31043
17356 25607
31428 21086
31757 19213
20385 14144
5243 16867
13953 22737
1454 13620
30547 5940
21871 16680
1648 12160
5317 11831
26822 14338
31431 13319
19765 26306
24582 25907
18745 449
21533 9169
28382 17404
31549 20522
4622 16001
5969 4023
17644 18575
24515 7421
24101 15422
27582 13617
25448 25749
7321 130
13449 19502
13041 5985
31890 445
894 4856
14025 17868
2506 22426
10181 9638
25637 1286
5307 14801
610 31607
6261 22951
5604 25125
5974 30363
23343 419
547 31420
18155 30662
3879 13995
14440 31194
3281 3002
20869 15333
4992 17304
26943 23373
24657 15171
29972 19813
18651 29964
20149 30580
22937 24913
22507 25753
26171 28911
27564 13083
10977 26716
7944 12953
11378 14856
17856 22383
4949 14660
31964 5958
29329 9939
25110 26140
13185 21219
18417 22313
